%YAML:1.0
---
shape_pointsframe_skip1_dataprocessing_0_generated:
   - { good_pixels:10721., total_pixels:10721. }
   - { good_pixels:10658., total_pixels:10658. }
   - { good_pixels:10658., total_pixels:10658. }
   - { good_pixels:1.0601500000000000e+04,
       total_pixels:1.0601500000000000e+04 }
   - { good_pixels:10545., total_pixels:10545. }
   - { good_pixels:10545., total_pixels:10545. }
   - { good_pixels:10464., total_pixels:10464. }
   - { good_pixels:1.0407500000000000e+04,
       total_pixels:1.0407500000000000e+04 }
   - { good_pixels:1.0375500000000000e+04,
       total_pixels:1.0375500000000000e+04 }
   - { good_pixels:10319., total_pixels:10319. }
collision_pointsframe_skip1_dataprocessing_0_generated:
   - { x:-1.5073312500000000e+04, y:3.6496884155273438e+02 }
   - { x:-1.4013187500000000e+04, y:3.6224703979492188e+02 }
   - { x:-1.3862250000000000e+04, y:3.6189614868164062e+02 }
   - { x:5.3093945312500000e+02, y:3.2553176879882812e+02 }
   - { x:-1.1213968750000000e+04, y:3.5514550781250000e+02 }
   - { x:-1.2444320312500000e+04, y:3.6236318969726562e+02 }
   - { x:-7.4035078125000000e+03, y:3.3663067626953125e+02 }
   - { x:-4.1930195312500000e+03, y:3.2023068237304688e+02 }
