%YAML:1.0
---
shape_pointsframe_skip1_dataprocessing_0_generated:
   - { good_pixels:10721., total_pixels:10721. }
   - { good_pixels:10658., total_pixels:10658. }
   - { good_pixels:10658., total_pixels:10658. }
   - { good_pixels:1.0601500000000000e+04,
       total_pixels:1.0601500000000000e+04 }
   - { good_pixels:10545., total_pixels:10545. }
   - { good_pixels:10545., total_pixels:10545. }
   - { good_pixels:10464., total_pixels:10464. }
   - { good_pixels:1.0407500000000000e+04,
       total_pixels:1.0407500000000000e+04 }
   - { good_pixels:1.0375500000000000e+04,
       total_pixels:1.0375500000000000e+04 }
   - { good_pixels:10319., total_pixels:10319. }
   - { good_pixels:10206., total_pixels:10206. }
   - { good_pixels:10093., total_pixels:10093. }
   - { good_pixels:9.8945000000000000e+03,
       total_pixels:9.8945000000000000e+03 }
   - { good_pixels:9.7825000000000000e+03,
       total_pixels:9.7825000000000000e+03 }
   - { good_pixels:9.6145000000000000e+03,
       total_pixels:9.6145000000000000e+03 }
   - { good_pixels:9.5585000000000000e+03,
       total_pixels:9.5585000000000000e+03 }
   - { good_pixels:9.5585000000000000e+03,
       total_pixels:9.5585000000000000e+03 }
   - { good_pixels:9.5025000000000000e+03,
       total_pixels:9.5025000000000000e+03 }
   - { good_pixels:9.4465000000000000e+03,
       total_pixels:9.4465000000000000e+03 }
   - { good_pixels:9.3905000000000000e+03,
       total_pixels:9.3905000000000000e+03 }
collision_pointsframe_skip1_dataprocessing_0_generated:
   - { x:-1.5073312500000000e+04, y:3.6496884155273438e+02 }
   - { x:-1.4013187500000000e+04, y:3.6224703979492188e+02 }
   - { x:-1.3862250000000000e+04, y:3.6189614868164062e+02 }
   - { x:5.3093945312500000e+02, y:3.2553176879882812e+02 }
   - { x:-1.1213968750000000e+04, y:3.5514550781250000e+02 }
   - { x:-1.2444320312500000e+04, y:3.6236318969726562e+02 }
   - { x:-7.4035078125000000e+03, y:3.3663067626953125e+02 }
   - { x:-4.1930195312500000e+03, y:3.2023068237304688e+02 }
   - { x:-2.8447929687500000e+03, y:3.1323242187500000e+02 }
   - { x:-2.0816679687500000e+03, y:3.0927319335937500e+02 }
   - { x:-1.6078886718750000e+03, y:3.0663128662109375e+02 }
   - { x:-2.1518281250000000e+03, y:3.0962930297851562e+02 }
   - { x:-1.8175031250000000e+04, y:3.9285516357421875e+02 }
   - { x:-1.2302312500000000e+04, y:3.6224624633789062e+02 }
   - { x:-7.7600937500000000e+03, y:3.3875982666015625e+02 }
   - { x:-5.3516953125000000e+03, y:3.2620211791992188e+02 }
   - { x:-3.6788828125000000e+03, y:3.1756369018554688e+02 }
   - { x:-3.1098085937500000e+03, y:3.1429342651367188e+02 }
   - { x:-2.6003730468750000e+03, y:3.1196328735351562e+02 }
collision_pointsframe_skip1_dataprocessing_0results_FB_none_:
   - { x:1.9584652099609375e+03, y:3.0771392822265625e+02 }
   - { x:1.8023037109375000e+03, y:3.0887817382812500e+02 }
   - { x:-2.1146875000000000e+03, y:3.2446600341796875e+02 }
   - { x:2.1365924072265625e+02, y:3.2485144042968750e+02 }
   - { x:8.1250000000000000e+02, y:3.0882739257812500e+02 }
   - { x:7.9479553222656250e+02, y:3.0928594970703125e+02 }
   - { x:9.0578857421875000e+02, y:3.0942333984375000e+02 }
   - { x:1.3465419921875000e+03, y:3.0937841796875000e+02 }
   - { x:2.0254428710937500e+03, y:3.1374328613281250e+02 }
   - { x:5.3835812500000000e+04, y:2.7493026733398438e+01 }
   - { x:7.3839965820312500e+02, y:3.1118890380859375e+02 }
   - { x:1.1831208496093750e+03, y:3.0985131835937500e+02 }
   - { x:1.1048891601562500e+03, y:3.0797238159179688e+02 }
   - { x:9.8352172851562500e+02, y:3.0880859375000000e+02 }
   - { x:8.0090502929687500e+02, y:3.0973431396484375e+02 }
   - { x:6.5760046386718750e+02, y:3.1042150878906250e+02 }
   - { x:6.2217590332031250e+02, y:3.0978601074218750e+02 }
   - { x:8.2833312988281250e+02, y:3.0990621948242188e+02 }
   - { x:7.2876574707031250e+02, y:3.1082928466796875e+02 }
collision_pointsframe_skip1_dataprocessing_1results_FB_none_:
   - { x:9.4522265625000000e+02, y:3.1785302734375000e+02 }
   - { x:1.2917539062500000e+03, y:3.1709197998046875e+02 }
   - { x:1.6820234375000000e+03, y:3.1617913818359375e+02 }
   - { x:4.9360556640625000e+03, y:3.1664886474609375e+02 }
   - { x:1.5254746093750000e+03, y:3.1673037719726562e+02 }
   - { x:9.8902148437500000e+02, y:3.1678170776367188e+02 }
   - { x:5.0614257812500000e+03, y:3.1730957031250000e+02 }
   - { x:-1.1252542968750000e+04, y:3.1750329589843750e+02 }
   - { x:-5.4716542968750000e+03, y:3.1777105712890625e+02 }
   - { x:-4.5183339843750000e+03, y:3.1750524902343750e+02 }
   - { x:-4.0013183593750000e+03, y:3.1838299560546875e+02 }
   - { x:-4.5119492187500000e+03, y:3.1689404296875000e+02 }
   - { x:1.4756640625000000e+02, y:3.1712542724609375e+02 }
   - { x:7.0647460937500000e+02, y:3.1794482421875000e+02 }
   - { x:3.8273066406250000e+03, y:3.1746389770507812e+02 }
   - { x:1.1623768750000000e+05, y:3.1725033569335938e+02 }
   - { x:-8.3908125000000000e+03, y:3.1763616943359375e+02 }
   - { x:-6.0459804687500000e+03, y:3.1907318115234375e+02 }
   - { x:-5.2350566406250000e+03, y:3.1812509155273438e+02 }
collision_pointsframe_skip1_dataprocessing_2results_FB_none_:
   - { x:-1.3595332031250000e+03, y:3.2368099975585938e+02 }
   - { x:-3.8175179687500000e+04, y:4.1535699462890625e+02 }
   - { x:-4.6574638671875000e+03, y:3.3519711303710938e+02 }
   - { x:-4.1875835937500000e+04, y:4.3528475952148438e+02 }
   - { x:-5.2847468750000000e+04, y:4.5224176025390625e+02 }
   - { x:-3.3943808593750000e+03, y:3.2768133544921875e+02 }
   - { x:-1.6693320312500000e+03, y:3.2654757690429688e+02 }
   - { x:-4.0320083007812500e+03, y:3.3581573486328125e+02 }
   - { x:3.5788505859375000e+03, y:2.9162625122070312e+02 }
   - { x:-2.4788554687500000e+03, y:3.4557580566406250e+02 }
   - { x:4.2357626953125000e+03, y:2.8928134155273438e+02 }
   - { x:-3.6876484375000000e+03, y:3.5943231201171875e+02 }
   - { x:-1.2280792968750000e+04, y:3.7589376831054688e+02 }
   - { x:4.6070551757812500e+03, y:2.8800994873046875e+02 }
   - { x:6.7509765625000000e+02, y:3.3382739257812500e+02 }
   - { x:6.8731718750000000e+03, y:2.8764270019531250e+02 }
   - { x:-1.6174614062500000e+05, y:1.1544166259765625e+03 }
   - { x:3.9527050781250000e+03, y:2.9380999755859375e+02 }
   - { x:3.4738999023437500e+03, y:2.9783801269531250e+02 }
collision_pointsframe_skip1_dataprocessing_3results_FB_none_:
   - { x:4.1202661132812500e+02, y:3.1360800170898438e+02 }
   - { x:4.4342352294921875e+02, y:3.1361730957031250e+02 }
   - { x:4.5804193115234375e+02, y:3.1360369873046875e+02 }
   - { x:4.8678414916992188e+02, y:3.0360836791992188e+02 }
   - { x:4.2750628662109375e+02, y:3.1102227783203125e+02 }
   - { x:5.7267089843750000e+02, y:3.1059963989257812e+02 }
   - { x:3.6997686767578125e+02, y:3.1120080566406250e+02 }
   - { x:-4.4117749023437500e+02, y:3.0953591918945312e+02 }
   - { x:4.4082623291015625e+02, y:3.1122186279296875e+02 }
   - { x:4.2949002075195312e+02, y:3.1137554931640625e+02 }
   - { x:4.2825305175781250e+02, y:3.1074291992187500e+02 }
   - { x:3.0063464355468750e+02, y:3.1041726684570312e+02 }
   - { x:2.6384338378906250e+03, y:3.0289770507812500e+02 }
   - { x:1.1086817626953125e+03, y:3.0892282104492188e+02 }
   - { x:-1.4034165039062500e+03, y:3.1384912109375000e+02 }
   - { x:6.3213964843750000e+02, y:3.1106030273437500e+02 }
   - { x:4.7160079956054688e+02, y:3.1077291870117188e+02 }
   - { x:6.4870678710937500e+02, y:3.1194964599609375e+02 }
   - { x:3.8759539794921875e+02, y:3.1108276367187500e+02 }
