%YAML:1.0
---
frame_count_000:
   - { name:SpyingCar, visible:1, x_camera:1.8202177429199219e+02,
       y_camera:2.7020639038085938e+02, z_camera:8.4782514572143555e+00,
       x_usk:1.3107271194458008e+01, y_usk:4.7123379707336426e+00,
       z_usk:0., x_inertial:-6.0352634429931641e+01,
       y_inertial:2.4688461914062500e+03,
       z_inertial:9.5000000000000000e+00,
       dim_x_camera:1.8409957885742188e+02,
       dim_y_camera:1.1293345642089844e+02,
       dim_x_usk:2.5139999389648438e+00, dim_y_usk:1.4800000190734863e+00,
       dim_x_inertial:2.5139999389648438e+00,
       dim_y_inertial:1.4800000190734863e+00,
       speed_x:-6.3212737441062927e-02, speed_y:-1.1093114614486694e+00,
       speed_x_inertial:9.3104636669158936e-01,
       speed_y_inertial:6.0639965534210205e-01,
       off_x:0.4, off_y:0.0 }
   - { name:New Character, visible:1, x_camera:5.1599072265625000e+02,
       y_camera:2.7721200561523438e+02, z_camera:1.4119730949401855e+01,
       x_usk:1.9386001586914062e+01, y_usk:-2.5300917625427246e+00,
       z_usk:1.1999988555908203e-01, x_inertial:-5.8239048004150391e+01,
       y_inertial:2.4781953125000000e+03,
       z_inertial:9.6199998855590820e+00,
       dim_x_camera:1.2769592285156250e+01,
       dim_y_camera:4.9502456665039062e+01,
       dim_x_usk:3.0671301484107971e-01, dim_y_usk:3.3163401484489441e-01,
       dim_x_inertial:3.0671301484107971e-01,
       dim_y_inertial:3.3163401484489441e-01,
       speed_x:2.6667557656764984e-02, speed_y:2.4226240813732147e-01,
       speed_x_inertial:-2.1095275878906250e-01,
       speed_y_inertial:-1.2207031250000000e-01, off_x:1.3, off_y:0.2 }
frame_count_001:
   - { name:SpyingCar, visible:1, x_camera:1.8875547790527344e+02,
       y_camera:2.7018936157226562e+02, z_camera:8.4232740402221680e+00,
       x_usk:1.3100949287414551e+01, y_usk:4.6014065742492676e+00,
       z_usk:0., x_inertial:-6.0259532928466797e+01,
       y_inertial:2.4689067382812500e+03,
       z_inertial:9.5000000000000000e+00,
       dim_x_camera:1.8344241333007812e+02,
       dim_y_camera:1.1299798583984375e+02,
       dim_x_usk:2.5139999389648438e+00, dim_y_usk:1.4800000190734863e+00,
       dim_x_inertial:2.5139999389648438e+00,
       dim_y_inertial:1.4800000190734863e+00,
       speed_x:-6.3219912350177765e-02, speed_y:-1.1093111038208008e+00,
       speed_x_inertial:9.3105030059814453e-01,
       speed_y_inertial:6.0639363527297974e-01,
       off_x:0.4, off_y:0.0 }
   - { name:New Character, visible:1, x_camera:5.1434100341796875e+02,
       y_camera:2.7721875000000000e+02, z_camera:1.4117832183837891e+01,
       x_usk:1.9391340255737305e+01, y_usk:-2.4898734092712402e+00,
       z_usk:1.1999988555908203e-01, x_inertial:-5.8274608612060547e+01,
       y_inertial:2.4781757812500000e+03,
       z_inertial:9.6199998855590820e+00,
       dim_x_camera:1.2732330322265625e+01,
       dim_y_camera:4.9487823486328125e+01,
       dim_x_usk:3.0671301484107971e-01, dim_y_usk:3.3163401484489441e-01,
       dim_x_inertial:3.0671301484107971e-01,
       dim_y_inertial:3.3163401484489441e-01,
       speed_x:6.4636051654815674e-02, speed_y:5.4108965396881104e-01,
       speed_x_inertial:-4.7416687011718750e-01,
       speed_y_inertial:-2.6855468750000000e-01, off_x:1.3, off_y:0.2 }
frame_count_002:
   - { name:SpyingCar, visible:1, x_camera:1.9549635314941406e+02,
       y_camera:2.7017233276367188e+02, z_camera:8.3694114685058594e+00,
       x_usk:1.3094626426696777e+01, y_usk:4.4904756546020508e+00,
       z_usk:0., x_inertial:-6.0166427612304688e+01,
       y_inertial:2.4689672851562500e+03,
       z_inertial:9.5000000000000000e+00,
       dim_x_camera:1.8278372192382812e+02,
       dim_y_camera:1.1306257629394531e+02,
       dim_x_usk:2.5139999389648438e+00, dim_y_usk:1.4800000190734863e+00,
       dim_x_inertial:2.5139999389648438e+00,
       dim_y_inertial:1.4800000190734863e+00,
       speed_x:-6.3226535916328430e-02, speed_y:-1.1093107461929321e+00,
       speed_x_inertial:9.3105393648147583e-01,
       speed_y_inertial:6.0638809204101562e-01,
       off_x:0.4, off_y:0.0 }
   - { name:New Character, visible:1, x_camera:5.1147744750976562e+02,
       y_camera:2.7723077392578125e+02, z_camera:1.4115079879760742e+01,
       x_usk:1.9400878906250000e+01, y_usk:-2.4200460910797119e+00,
       z_usk:1.1999988555908203e-01, x_inertial:-5.8336509704589844e+01,
       y_inertial:2.4781420898437500e+03,
       z_inertial:9.6199998855590820e+00,
       dim_x_camera:1.2667663574218750e+01,
       dim_y_camera:4.9461685180664062e+01,
       dim_x_usk:3.0671301484107971e-01, dim_y_usk:3.3163401484489441e-01,
       dim_x_inertial:3.0671301484107971e-01,
       dim_y_inertial:3.3163401484489441e-01,
       speed_x:1.0283058881759644e-01, speed_y:8.4022420644760132e-01,
       speed_x_inertial:-7.3776245117187500e-01,
       speed_y_inertial:-4.1503906250000000e-01, off_x:1.3, off_y:0.2 }
frame_count_003:
   - { name:SpyingCar, visible:1, x_camera:2.0224444580078125e+02,
       y_camera:2.7015527343750000e+02, z_camera:8.3166847229003906e+00,
       x_usk:1.3088303565979004e+01, y_usk:4.3795447349548340e+00,
       z_usk:0., x_inertial:-6.0073318481445312e+01,
       y_inertial:2.4690280761718750e+03,
       z_inertial:9.5000000000000000e+00,
       dim_x_camera:1.8212351989746094e+02,
       dim_y_camera:1.1312725830078125e+02,
       dim_x_usk:2.5139999389648438e+00, dim_y_usk:1.4800000190734863e+00,
       dim_x_inertial:2.5139999389648438e+00,
       dim_y_inertial:1.4800000190734863e+00,
       speed_x:-6.3232555985450745e-02, speed_y:-1.1093103885650635e+00,
       speed_x_inertial:9.3105721473693848e-01,
       speed_y_inertial:6.0638302564620972e-01,
       off_x:0.4, off_y:0.0 }
   - { name:New Character, visible:1, x_camera:5.0770135498046875e+02,
       y_camera:2.7724670410156250e+02, z_camera:1.4112038612365723e+01,
       x_usk:1.9413528442382812e+01, y_usk:-2.3278622627258301e+00,
       z_usk:1.1999988555908203e-01, x_inertial:-5.8418262481689453e+01,
       y_inertial:2.4780976562500000e+03,
       z_inertial:9.6199998855590820e+00,
       dim_x_camera:1.2582427978515625e+01,
       dim_y_camera:4.9427078247070312e+01,
       dim_x_usk:3.0671301484107971e-01, dim_y_usk:3.3163401484489441e-01,
       dim_x_inertial:3.0671301484107971e-01,
       dim_y_inertial:3.3163401484489441e-01,
       speed_x:1.3741354644298553e-01, speed_y:9.2843967676162720e-01,
       speed_x_inertial:-8.2931518554687500e-01,
       speed_y_inertial:-4.3945312500000000e-01, off_x:1.3, off_y:0.2 }
