%YAML:1.0
---
frame_count_000:
   - { name:SpyingCar, visible:1, x_camera:2.7483526611328125e+02,
       y_camera:1.1721910858154297e+02, z_camera:1.1790794372558594e+01,
       x_usk:1.3107271194458008e+01, y_usk:4.7123379707336426e+00,
       z_usk:0., x_inertial:-6.0352634429931641e+01,
       y_inertial:2.4688461914062500e+03,
       z_inertial:9.5000000000000000e+00,
       dim_x_camera:2.7172808837890625e+02,
       dim_y_camera:1.4538783264160156e+02,
       dim_x_realworld:2.5139999389648438e+00,
       dim_y_realworld:1.4800000190734863e+00,
       dim_z_realworld:1.5199999809265137e+00,
       speed_x:-6.3212737441062927e-02, speed_y:-1.1093114614486694e+00,
       speed_x_inertial:9.3104636669158936e-01,
       speed_y_inertial:6.0639965534210205e-01, speed_z_inertial:0.,
       off_x:9.0100002288818359e-01, off_y:0., off_z:0.,
       h_usk:-1.6277178525924683e+00, p_usk:0., r_usk:0.,
       h_inertial:5.7729613780975342e-01, p_inertial:0.,
       r_inertial:-5.1122060540365055e-07 }
   - { name:New Character, visible:1, x_camera:7.6370800781250000e+02,
       y_camera:1.4043359375000000e+02, z_camera:1.7623247146606445e+01,
       x_usk:1.9386001586914062e+01, y_usk:-2.5300917625427246e+00,
       z_usk:1.1999988555908203e-01, x_inertial:-5.8239048004150391e+01,
       y_inertial:2.4781953125000000e+03,
       z_inertial:9.6199998855590820e+00,
       dim_x_camera:1.7648864746093750e+01,
       dim_y_camera:6.2113571166992188e+01,
       dim_x_realworld:3.0671301484107971e-01,
       dim_y_realworld:3.3163401484489441e-01,
       dim_z_realworld:1.0839899778366089e+00,
       speed_x:2.6667557656764984e-02, speed_y:2.4226240813732147e-01,
       speed_x_inertial:-2.1095275878906250e-01,
       speed_y_inertial:-1.2207031250000000e-01, speed_z_inertial:0.,
       off_x:0., off_y:0., off_z:0., h_usk:1.4356545209884644e+00,
       p_usk:0., r_usk:0., h_inertial:-2.6425168514251709e+00,
       p_inertial:0., r_inertial:0. }
frame_count_001:
   - { name:SpyingCar, visible:1, x_camera:2.8450619506835938e+02,
       y_camera:1.1717532348632812e+02, z_camera:1.1749440193176270e+01,
       x_usk:1.3100949287414551e+01, y_usk:4.6014065742492676e+00,
       z_usk:0., x_inertial:-6.0259532928466797e+01,
       y_inertial:2.4689067382812500e+03,
       z_inertial:9.5000000000000000e+00,
       dim_x_camera:2.7071588134765625e+02,
       dim_y_camera:1.4547778320312500e+02,
       dim_x_realworld:2.5139999389648438e+00,
       dim_y_realworld:1.4800000190734863e+00,
       dim_z_realworld:1.5199999809265137e+00,
       speed_x:-6.3219912350177765e-02, speed_y:-1.1093111038208008e+00,
       speed_x_inertial:9.3105030059814453e-01,
       speed_y_inertial:6.0639363527297974e-01, speed_z_inertial:0.,
       off_x:9.0100002288818359e-01, off_y:0., off_z:0.,
       h_usk:-1.6277244091033936e+00, p_usk:0., r_usk:0.,
       h_inertial:5.7728958129882812e-01, p_inertial:0.,
       r_inertial:-4.7027270966282231e-07 }
   - { name:New Character, visible:1, x_camera:7.6138195800781250e+02,
       y_camera:1.4044830322265625e+02, z_camera:1.7622785568237305e+01,
       x_usk:1.9391340255737305e+01, y_usk:-2.4898734092712402e+00,
       z_usk:1.1999988555908203e-01, x_inertial:-5.8274608612060547e+01,
       y_inertial:2.4781757812500000e+03,
       z_inertial:9.6199998855590820e+00,
       dim_x_camera:1.7625732421875000e+01,
       dim_y_camera:6.2094184875488281e+01,
       dim_x_realworld:3.0671301484107971e-01,
       dim_y_realworld:3.3163401484489441e-01,
       dim_z_realworld:1.0839899778366089e+00,
       speed_x:6.4636051654815674e-02, speed_y:5.4108965396881104e-01,
       speed_x_inertial:-4.7416687011718750e-01,
       speed_y_inertial:-2.6855468750000000e-01, speed_z_inertial:0.,
       off_x:0., off_y:0., off_z:0., h_usk:1.4356545209884644e+00,
       p_usk:0., r_usk:0., h_inertial:-2.6425168514251709e+00,
       p_inertial:0., r_inertial:0. }
frame_count_002:
   - { name:SpyingCar, visible:1, x_camera:2.9418826293945312e+02,
       y_camera:1.1713146972656250e+02, z_camera:1.1708994865417480e+01,
       x_usk:1.3094626426696777e+01, y_usk:4.4904756546020508e+00,
       z_usk:0., x_inertial:-6.0166427612304688e+01,
       y_inertial:2.4689672851562500e+03,
       z_inertial:9.5000000000000000e+00,
       dim_x_camera:2.6970117187500000e+02,
       dim_y_camera:1.4556784057617188e+02,
       dim_x_realworld:2.5139999389648438e+00,
       dim_y_realworld:1.4800000190734863e+00,
       dim_z_realworld:1.5199999809265137e+00,
       speed_x:-6.3226535916328430e-02, speed_y:-1.1093107461929321e+00,
       speed_x_inertial:9.3105393648147583e-01,
       speed_y_inertial:6.0638809204101562e-01, speed_z_inertial:0.,
       off_x:9.0100002288818359e-01, off_y:0., off_z:0.,
       h_usk:-1.6277303695678711e+00, p_usk:1.4901161193847656e-08,
       r_usk:1.4901161193847656e-08, h_inertial:5.7728362083435059e-01,
       p_inertial:0., r_inertial:-4.3187668552491232e-07 }
   - { name:New Character, visible:1, x_camera:7.5733410644531250e+02,
       y_camera:1.4047454833984375e+02, z_camera:1.7622474670410156e+01,
       x_usk:1.9400878906250000e+01, y_usk:-2.4200460910797119e+00,
       z_usk:1.1999988555908203e-01, x_inertial:-5.8336509704589844e+01,
       y_inertial:2.4781420898437500e+03,
       z_inertial:9.6199998855590820e+00,
       dim_x_camera:1.7606262207031250e+01,
       dim_y_camera:6.2059593200683594e+01,
       dim_x_realworld:3.0671301484107971e-01,
       dim_y_realworld:3.3163401484489441e-01,
       dim_z_realworld:1.0839899778366089e+00,
       speed_x:1.0283058881759644e-01, speed_y:8.4022420644760132e-01,
       speed_x_inertial:-7.3776245117187500e-01,
       speed_y_inertial:-4.1503906250000000e-01, speed_z_inertial:0.,
       off_x:0., off_y:0., off_z:0., h_usk:1.4356545209884644e+00,
       p_usk:0., r_usk:0., h_inertial:-2.6425168514251709e+00,
       p_inertial:0., r_inertial:0. }
frame_count_003:
   - { name:SpyingCar, visible:1, x_camera:3.0388146972656250e+02,
       y_camera:1.1708756256103516e+02, z_camera:1.1669466018676758e+01,
       x_usk:1.3088303565979004e+01, y_usk:4.3795447349548340e+00,
       z_usk:0., x_inertial:-6.0073318481445312e+01,
       y_inertial:2.4690280761718750e+03,
       z_inertial:9.5000000000000000e+00,
       dim_x_camera:2.6868402099609375e+02,
       dim_y_camera:1.4565803527832031e+02,
       dim_x_realworld:2.5139999389648438e+00,
       dim_y_realworld:1.4800000190734863e+00,
       dim_z_realworld:1.5199999809265137e+00,
       speed_x:-6.3232555985450745e-02, speed_y:-1.1093103885650635e+00,
       speed_x_inertial:9.3105721473693848e-01,
       speed_y_inertial:6.0638302564620972e-01, speed_z_inertial:0.,
       off_x:9.0100002288818359e-01, off_y:0., off_z:0.,
       h_usk:-1.6277358531951904e+00, p_usk:0., r_usk:0.,
       h_inertial:5.7727813720703125e-01, p_inertial:0.,
       r_inertial:-3.9649410155107034e-07 }
   - { name:New Character, visible:1, x_camera:7.5199682617187500e+02,
       y_camera:1.4050930786132812e+02, z_camera:1.7622552871704102e+01,
       x_usk:1.9413528442382812e+01, y_usk:-2.3278622627258301e+00,
       z_usk:1.1999988555908203e-01, x_inertial:-5.8418262481689453e+01,
       y_inertial:2.4780976562500000e+03,
       z_inertial:9.6199998855590820e+00,
       dim_x_camera:1.7580627441406250e+01,
       dim_y_camera:6.2013778686523438e+01,
       dim_x_realworld:3.0671301484107971e-01,
       dim_y_realworld:3.3163401484489441e-01,
       dim_z_realworld:1.0839899778366089e+00,
       speed_x:1.3741354644298553e-01, speed_y:9.2843967676162720e-01,
       speed_x_inertial:-8.2931518554687500e-01,
       speed_y_inertial:-4.3945312500000000e-01, speed_z_inertial:0.,
       off_x:0., off_y:0., off_z:0., h_usk:1.4356545209884644e+00,
       p_usk:0., r_usk:0., h_inertial:-2.6425168514251709e+00,
       p_inertial:0., r_inertial:0. }
