%YAML:1.0
---
frame_count_000:
   - { name:SpyingCar, visMask:7, x_camera:1.4264813232421875e+02,
       y_camera:2.4046133422851562e+02, z_camera:1.1782451629638672e+01,
       x_inertial:-6.0334014892578125e+01,
       y_inertial:2.4688581542968750e+03,
       z_inertial:9.5000000000000000e+00, x_usk:1.3106006622314453e+01,
       y_usk:4.6901516914367676e+00, z_usk:0.,
       dim_x_camera:2.0299621582031250e+02,
       dim_y_camera:1.2229570007324219e+02,
       dim_x_realworld:1.4800000190734863e+00,
       dim_y_realworld:1.5199999809265137e+00,
       dim_z_realworld:2.5139999389648438e+00,
       speed_x_inertial:9.3104720115661621e-01,
       speed_y_inertial:6.0639840364456177e-01, speed_z_inertial:0.,
       speed_x:-6.3214235007762909e-02, speed_y:-1.1093114614486694e+00,
       off_x:9.0100002288818359e-01, off_y:0., off_z:0.,
       h_inertial:5.7729476690292358e-01,
       p_inertial:1.4901161193847656e-08,
       r_inertial:-5.0312110033701174e-07, h_usk:-1.6277191638946533e+00,
       p_usk:0., r_usk:-1.6277191638946533e+00, dist_cam_to_obj:0.,
       total_distance_covered:1.2222221493721008e-01 }
   - { name:New Character, visMask:7, x_camera:5.0644848632812500e+02,
       y_camera:2.6568481445312500e+02, z_camera:1.7614240646362305e+01,
       x_inertial:-5.8244052886962891e+01,
       y_inertial:2.4781926269531250e+03,
       z_inertial:9.7399997711181641e+00, x_usk:1.9386804580688477e+01,
       y_usk:-2.5244688987731934e+00, z_usk:2.3999977111816406e-01,
       dim_x_camera:1.3188751220703125e+01,
       dim_y_camera:5.2118011474609375e+01,
       dim_x_realworld:3.3163401484489441e-01,
       dim_y_realworld:1.0839899778366089e+00,
       dim_z_realworld:3.0671301484107971e-01,
       speed_x_inertial:-2.6359558105468750e-01,
       speed_y_inertial:-1.4648437500000000e-01, speed_z_inertial:0.,
       speed_x:3.8194537162780762e-02, speed_y:2.9913455247879028e-01,
       off_x:0., off_y:0., off_z:0., h_inertial:-2.6425168514251709e+00,
       p_inertial:0., r_inertial:0., h_usk:1.4356545209884644e+00,
       p_usk:0., r_usk:1.4356545209884644e+00, dist_cam_to_obj:0.,
       total_distance_covered:3.0462348461151123e-01 }
   - { name:SpyingCar, visible:0, x_carrier:-4.8790000915527344e+01,
       y_carrier:2.4610800781250000e+03, z_carrier:9.5000000000000000e+00,
       h_carrier:2.2050139904022217e+00, p_carrier:0., r_carrier:0.,
       h_sensor:0., p_sensor:0., r_sensor:0., off_x_sensor:2.,
       off_y_sensor:0., off_z_sensor:1.5000000000000000e+00,
       fov_horizontal:1.3962633609771729e+00,
       fov_vertical:3.4906584024429321e-01, fov_horizontal_off:0.,
       fov_vertical_off:0. }
   - { name:New Character, visible:0, x_carrier:-4.8790000915527344e+01,
       y_carrier:2.4610800781250000e+03, z_carrier:9.5000000000000000e+00,
       h_carrier:2.2050139904022217e+00, p_carrier:0., r_carrier:0.,
       h_sensor:0., p_sensor:0., r_sensor:0., off_x_sensor:2.,
       off_y_sensor:0., off_z_sensor:1.5000000000000000e+00,
       fov_horizontal:1.3962633609771729e+00,
       fov_vertical:3.4906584024429321e-01, fov_horizontal_off:0.,
       fov_vertical_off:0. }
