%YAML:1.0
---
frame_count_000:
   - { name:SpyingCar, visMask:7, x_camera:4.0565527343750000e+02,
       y_camera:1.5756777954101562e+02, z_camera:1.1866113662719727e+01,
       x_inertial:-6.1019409179687500e+01,
       y_inertial:2.4685227050781250e+03,
       z_inertial:9.5000000000000000e+00, x_usk:1.3241959571838379e+01,
       y_usk:5.4410023689270020e+00, z_usk:0.,
       dim_x_camera:1.6059597778320312e+02,
       dim_y_camera:8.7158134460449219e+01,
       dim_x_realworld:2.5139999389648438e+00,
       dim_y_realworld:1.4800000190734863e+00,
       dim_z_realworld:1.5199999809265137e+00,
       speed_x_inertial:9.0659612417221069e-01,
       speed_y_inertial:6.4237946271896362e-01, speed_z_inertial:0.,
       speed_x:-1.9741792231798172e-02, speed_y:-1.1109356880187988e+00,
       off_x:9.0100002288818359e-01, off_y:0., off_z:0.,
       h_inertial:6.1645102500915527e-01, p_inertial:0.,
       r_inertial:-9.5866710125847021e-07, h_usk:-1.5885629653930664e+00,
       p_usk:0., r_usk:-1.5885629653930664e+00, dist_cam_to_obj:0.,
       total_distance_covered:3.6666664481163025e-01, occ_px:0, occ_usk:0,
       occ_inertial:0 }
   - { name:Pedesterian, visMask:7, x_camera:5.6767071533203125e+02,
       y_camera:1.5648970031738281e+02, z_camera:1.3411505699157715e+01,
       x_inertial:-5.9242347717285156e+01,
       y_inertial:2.4723950195312500e+03,
       z_inertial:9.5000000000000000e+00, x_usk:1.5308162689208984e+01,
       y_usk:1.7150508165359497e+00, z_usk:0.,
       dim_x_camera:1.4987304687500000e+01,
       dim_y_camera:4.9981018066406250e+01,
       dim_x_realworld:3.0671301484107971e-01,
       dim_y_realworld:3.3163401484489441e-01,
       dim_z_realworld:1.0839899778366089e+00, speed_x_inertial:0.,
       speed_y_inertial:0., speed_z_inertial:0., speed_x:0., speed_y:0.,
       off_x:0., off_y:0., off_z:0., h_inertial:-2.5325872898101807e+00,
       p_inertial:0., r_inertial:0., h_usk:1.5455840826034546e+00,
       p_usk:0., r_usk:1.5455840826034546e+00, dist_cam_to_obj:0.,
       total_distance_covered:6.0857033729553223e-01, occ_px:0, occ_usk:0,
       occ_inertial:0 }
   - { name:Sensor_MM_0, visible:0, x_carrier:-4.8790000915527344e+01,
       y_carrier:2.4610800781250000e+03, z_carrier:9.5000000000000000e+00,
       h_carrier:2.2050139904022217e+00, p_carrier:0., r_carrier:0.,
       h_sensor:0., p_sensor:0., r_sensor:0., off_x_sensor:2.,
       off_y_sensor:1., off_z_sensor:1.5000000000000000e+00,
       fov_horizontal:1.0471975803375244e+00,
       fov_vertical:6.9813168048858643e-01, clip_horizontal:1.,
       clip_vertical:40. }
   - { name:Sensor_MM_Perfect_0, visible:0,
       x_carrier:-4.8790000915527344e+01,
       y_carrier:2.4610800781250000e+03, z_carrier:9.5000000000000000e+00,
       h_carrier:2.2050139904022217e+00, p_carrier:0., r_carrier:0.,
       h_sensor:0., p_sensor:0., r_sensor:0., off_x_sensor:2.,
       off_y_sensor:1., off_z_sensor:1.5000000000000000e+00,
       fov_horizontal:1.0471975803375244e+00,
       fov_vertical:6.9813168048858643e-01, clip_horizontal:1.,
       clip_vertical:40. }
   - { name:Sensor_MM_PerfectInertial_0, visible:0, x_carrier:0.,
       y_carrier:0., z_carrier:0., h_carrier:0., p_carrier:0.,
       r_carrier:0., h_sensor:0., p_sensor:0., r_sensor:0.,
       off_x_sensor:2., off_y_sensor:1.,
       off_z_sensor:1.5000000000000000e+00,
       fov_horizontal:1.0471975803375244e+00,
       fov_vertical:6.9813168048858643e-01, clip_horizontal:1.,
       clip_vertical:40. }
frame_count_001:
   - { name:SpyingCar, visMask:7, x_camera:4.0743341064453125e+02,
       y_camera:1.5756535339355469e+02, z_camera:1.1855648994445801e+01,
       x_inertial:-6.0992214202880859e+01,
       y_inertial:2.4685419921875000e+03,
       z_inertial:9.5000000000000000e+00, x_usk:1.3241367340087891e+01,
       y_usk:5.4076743125915527e+00, z_usk:0.,
       dim_x_camera:1.6037725830078125e+02,
       dim_y_camera:8.7163154602050781e+01,
       dim_x_realworld:2.5139999389648438e+00,
       dim_y_realworld:1.4800000190734863e+00,
       dim_z_realworld:1.5199999809265137e+00,
       speed_x_inertial:9.0659850835800171e-01,
       speed_y_inertial:6.4237612485885620e-01, speed_z_inertial:0.,
       speed_x:-1.9745893776416779e-02, speed_y:-1.1109356880187988e+00,
       off_x:9.0100002288818359e-01, off_y:0., off_z:0.,
       h_inertial:6.1644726991653442e-01, p_inertial:0.,
       r_inertial:-9.3438717385652126e-07, h_usk:-1.5885667800903320e+00,
       p_usk:0., r_usk:-1.5885667800903320e+00, dist_cam_to_obj:0.,
       total_distance_covered:3.9999997615814209e-01, occ_px:0, occ_usk:0,
       occ_inertial:0 }
   - { name:Pedesterian, visMask:7, x_camera:5.6767071533203125e+02,
       y_camera:1.5648970031738281e+02, z_camera:1.3411505699157715e+01,
       x_inertial:-5.9242347717285156e+01,
       y_inertial:2.4723950195312500e+03,
       z_inertial:9.5000000000000000e+00, x_usk:1.5308162689208984e+01,
       y_usk:1.7150508165359497e+00, z_usk:0.,
       dim_x_camera:1.4987304687500000e+01,
       dim_y_camera:4.9981018066406250e+01,
       dim_x_realworld:3.0671301484107971e-01,
       dim_y_realworld:3.3163401484489441e-01,
       dim_z_realworld:1.0839899778366089e+00, speed_x_inertial:0.,
       speed_y_inertial:0., speed_z_inertial:0., speed_x:0., speed_y:0.,
       off_x:0., off_y:0., off_z:0., h_inertial:-2.5325872898101807e+00,
       p_inertial:0., r_inertial:0., h_usk:1.5455840826034546e+00,
       p_usk:0., r_usk:1.5455840826034546e+00, dist_cam_to_obj:0.,
       total_distance_covered:6.0857033729553223e-01, occ_px:0, occ_usk:0,
       occ_inertial:0 }
   - { name:Sensor_MM_0, visible:0, x_carrier:-4.8790000915527344e+01,
       y_carrier:2.4610800781250000e+03, z_carrier:9.5000000000000000e+00,
       h_carrier:2.2050139904022217e+00, p_carrier:0., r_carrier:0.,
       h_sensor:0., p_sensor:0., r_sensor:0., off_x_sensor:2.,
       off_y_sensor:1., off_z_sensor:1.5000000000000000e+00,
       fov_horizontal:1.0471975803375244e+00,
       fov_vertical:6.9813168048858643e-01, clip_horizontal:1.,
       clip_vertical:40. }
   - { name:Sensor_MM_Perfect_0, visible:0,
       x_carrier:-4.8790000915527344e+01,
       y_carrier:2.4610800781250000e+03, z_carrier:9.5000000000000000e+00,
       h_carrier:2.2050139904022217e+00, p_carrier:0., r_carrier:0.,
       h_sensor:0., p_sensor:0., r_sensor:0., off_x_sensor:2.,
       off_y_sensor:1., off_z_sensor:1.5000000000000000e+00,
       fov_horizontal:1.0471975803375244e+00,
       fov_vertical:6.9813168048858643e-01, clip_horizontal:1.,
       clip_vertical:40. }
   - { name:Sensor_MM_PerfectInertial_0, visible:0, x_carrier:0.,
       y_carrier:0., z_carrier:0., h_carrier:0., p_carrier:0.,
       r_carrier:0., h_sensor:0., p_sensor:0., r_sensor:0.,
       off_x_sensor:2., off_y_sensor:1.,
       off_z_sensor:1.5000000000000000e+00,
       fov_horizontal:1.0471975803375244e+00,
       fov_vertical:6.9813168048858643e-01, clip_horizontal:1.,
       clip_vertical:40. }
