%YAML:1.0
---
frame_count_000:
   - { name:SpyingCar, visible:0, x:-1., y:-1., dim_x:0., dim_y:0. }
   - { name:New Character, visible:0, x:-1., y:-1., dim_x:0., dim_y:0. }
frame_count_001:
   - { name:SpyingCar, visible:1, x:5.2222206115722656e+01,
       y:2.7054000854492188e+02, dim_x:1.0444441223144531e+02,
       dim_y:1.1166893005371094e+02 }
   - { name:New Character, visible:1, x:5.1663165283203125e+02,
       y:2.7715649414062500e+02, dim_x:1.2813385009765625e+01,
       dim_y:4.9622970581054688e+01 }
frame_count_002:
   - { name:SpyingCar, visible:1, x:5.6133342742919922e+01,
       y:2.7051922607421875e+02, dim_x:1.1226668548583984e+02,
       dim_y:1.1174783325195312e+02 }
   - { name:New Character, visible:1, x:5.1497778320312500e+02,
       y:2.7716326904296875e+02, dim_x:1.2776000976562500e+01,
       dim_y:4.9608261108398438e+01 }
frame_count_003:
   - { name:SpyingCar, visible:1, x:6.0049331665039062e+01,
       y:2.7049835205078125e+02, dim_x:1.2009866333007812e+02,
       dim_y:1.1182682800292969e+02 }
   - { name:New Character, visible:1, x:5.1210699462890625e+02,
       y:2.7717535400390625e+02, dim_x:1.2710937500000000e+01,
       dim_y:4.9582000732421875e+01 }
frame_count_004:
   - { name:SpyingCar, visible:1, x:6.3970230102539062e+01,
       y:2.7047747802734375e+02, dim_x:1.2794046020507812e+02,
       dim_y:1.1190592956542969e+02 }
   - { name:New Character, visible:1, x:5.0801855468750000e+02,
       y:2.7719250488281250e+02, dim_x:1.2618438720703125e+01,
       dim_y:4.9544769287109375e+01 }
frame_count_005:
   - { name:SpyingCar, visible:1, x:6.7896011352539062e+01,
       y:2.7045657348632812e+02, dim_x:1.3579202270507812e+02,
       dim_y:1.1198515319824219e+02 }
   - { name:New Character, visible:1, x:5.0306011962890625e+02,
       y:2.7176879882812500e+02, dim_x:1.2557739257812500e+01,
       dim_y:4.9570404052734375e+01 }
frame_count_006:
   - { name:SpyingCar, visible:1, x:7.1826705932617188e+01,
       y:2.7043566894531250e+02, dim_x:1.4365341186523438e+02,
       dim_y:1.1206446838378906e+02 }
   - { name:New Character, visible:1, x:4.9805859375000000e+02,
       y:2.7179437255859375e+02, dim_x:1.2534912109375000e+01,
       dim_y:4.9525360107421875e+01 }
frame_count_007:
   - { name:SpyingCar, visible:1, x:7.5762306213378906e+01,
       y:2.7041470336914062e+02, dim_x:1.5152461242675781e+02,
       dim_y:1.1214387512207031e+02 }
   - { name:New Character, visible:1, x:4.9307360839843750e+02,
       y:2.7182025146484375e+02, dim_x:1.2517303466796875e+01,
       dim_y:4.9479888916015625e+01 }
frame_count_008:
   - { name:SpyingCar, visible:1, x:7.9702842712402344e+01,
       y:2.7039370727539062e+02, dim_x:1.5940568542480469e+02,
       dim_y:1.1222343444824219e+02 }
   - { name:New Character, visible:1, x:4.8813488769531250e+02,
       y:2.7184573364257812e+02, dim_x:1.2583679199218750e+01,
       dim_y:4.9435012817382812e+01 }
frame_count_009:
   - { name:SpyingCar, visible:1, x:8.3648300170898438e+01,
       y:2.7037268066406250e+02, dim_x:1.6729660034179688e+02,
       dim_y:1.1230307006835938e+02 }
   - { name:New Character, visible:1, x:4.8320977783203125e+02,
       y:2.7187145996093750e+02, dim_x:1.2649566650390625e+01,
       dim_y:4.9389694213867188e+01 }
frame_count_010:
   - { name:SpyingCar, visible:1, x:8.7598709106445312e+01,
       y:2.7035165405273438e+02, dim_x:1.7519741821289062e+02,
       dim_y:1.1238281250000000e+02 }
   - { name:New Character, visible:1, x:4.7828863525390625e+02,
       y:2.7189685058593750e+02, dim_x:1.2715423583984375e+01,
       dim_y:4.9344970703125000e+01 }
frame_count_011:
   - { name:SpyingCar, visible:1, x:9.1554069519042969e+01,
       y:2.7033059692382812e+02, dim_x:1.8310813903808594e+02,
       dim_y:1.1246266174316406e+02 }
   - { name:New Character, visible:1, x:4.7337634277343750e+02,
       y:2.7192221069335938e+02, dim_x:1.2781036376953125e+01,
       dim_y:4.9300354003906250e+01 }
frame_count_012:
   - { name:SpyingCar, visible:1, x:9.5514389038085938e+01,
       y:2.7030947875976562e+02, dim_x:1.9102877807617188e+02,
       dim_y:1.1254264831542969e+02 }
   - { name:New Character, visible:1, x:4.6847796630859375e+02,
       y:2.7194781494140625e+02, dim_x:1.2846160888671875e+01,
       dim_y:4.9255264282226562e+01 }
frame_count_013:
   - { name:SpyingCar, visible:1, x:1.0271129608154297e+02,
       y:2.7028836059570312e+02, dim_x:1.9249617004394531e+02,
       dim_y:1.1262272644042969e+02 }
   - { name:New Character, visible:1, x:4.6358319091796875e+02,
       y:2.7197305297851562e+02, dim_x:1.2911285400390625e+01,
       dim_y:4.9210800170898438e+01 }
frame_count_014:
   - { name:SpyingCar, visible:1, x:1.1105471038818359e+02,
       y:2.7026721191406250e+02, dim_x:1.9169035339355469e+02,
       dim_y:1.1270289611816406e+02 }
   - { name:New Character, visible:1, x:4.5870233154296875e+02,
       y:2.7199859619140625e+02, dim_x:1.2975891113281250e+01,
       dim_y:4.9165908813476562e+01 }
frame_count_015:
   - { name:SpyingCar, visible:1, x:1.1940928649902344e+02,
       y:2.7024600219726562e+02, dim_x:1.9088229370117188e+02,
       dim_y:1.1278318786621094e+02 }
   - { name:New Character, visible:1, x:4.5382507324218750e+02,
       y:2.7202374267578125e+02, dim_x:1.3040496826171875e+01,
       dim_y:4.9121582031250000e+01 }
frame_count_016:
   - { name:SpyingCar, visible:1, x:1.2777500915527344e+02,
       y:2.7022479248046875e+02, dim_x:1.9007186889648438e+02,
       dim_y:1.1286361694335938e+02 }
   - { name:New Character, visible:1, x:4.4895660400390625e+02,
       y:2.7204885864257812e+02, dim_x:1.3104827880859375e+01,
       dim_y:4.9077377319335938e+01 }
frame_count_017:
   - { name:SpyingCar, visible:1, x:1.3615194702148438e+02,
       y:2.7020355224609375e+02, dim_x:1.8925910949707031e+02,
       dim_y:1.1294413757324219e+02 }
   - { name:New Character, visible:1, x:4.4410195922851562e+02,
       y:2.7207424926757812e+02, dim_x:1.3168701171875000e+01,
       dim_y:4.9032730102539062e+01 }
frame_count_018:
   - { name:SpyingCar, visible:1, x:1.4454000854492188e+02,
       y:2.7018228149414062e+02, dim_x:1.8844407653808594e+02,
       dim_y:1.1302476501464844e+02 }
   - { name:New Character, visible:1, x:4.3925070190429688e+02,
       y:2.7209927368164062e+02, dim_x:1.3232543945312500e+01,
       dim_y:4.8988647460937500e+01 }
frame_count_019:
   - { name:SpyingCar, visible:1, x:1.5293939208984375e+02,
       y:2.7016101074218750e+02, dim_x:1.8762667846679688e+02,
       dim_y:1.1310549926757812e+02 }
   - { name:New Character, visible:1, x:4.3441345214843750e+02,
       y:2.7212454223632812e+02, dim_x:1.3295898437500000e+01,
       dim_y:4.8944137573242188e+01 }
frame_count_020:
   - { name:SpyingCar, visible:1, x:1.6134997558593750e+02,
       y:2.7013964843750000e+02, dim_x:1.8680688476562500e+02,
       dim_y:1.1318634033203125e+02 }
   - { name:New Character, visible:1, x:4.2957946777343750e+02,
       y:2.7214947509765625e+02, dim_x:1.3359283447265625e+01,
       dim_y:4.8900238037109375e+01 }
frame_count_021:
   - { name:SpyingCar, visible:1, x:1.6977185058593750e+02,
       y:2.7011828613281250e+02, dim_x:1.8598478698730469e+02,
       dim_y:1.1326731872558594e+02 }
   - { name:New Character, visible:1, x:4.2475415039062500e+02,
       y:2.7217437744140625e+02, dim_x:1.3422363281250000e+01,
       dim_y:4.8856430053710938e+01 }
frame_count_022:
   - { name:SpyingCar, visible:1, x:1.7820503234863281e+02,
       y:2.7009692382812500e+02, dim_x:1.8516024780273438e+02,
       dim_y:1.1334841918945312e+02 }
   - { name:New Character, visible:1, x:4.1994277954101562e+02,
       y:2.7219952392578125e+02, dim_x:1.3484985351562500e+01,
       dim_y:4.8812133789062500e+01 }
