%YAML:1.0
---
frame_count_000:
   - { name:SpyingCar, visible:1, x_camera:2.7676855468750000e+02,
       y_camera:1.1721035766601562e+02, z_camera:1.1782451629638672e+01,
       x_usk:1.3106006622314453e+01, y_usk:4.6901516914367676e+00,
       z_usk:0., x_inertial:-6.0334014892578125e+01,
       y_inertial:2.4688581542968750e+03,
       z_inertial:9.5000000000000000e+00,
       dim_x_camera:2.7152581787109375e+02,
       dim_y_camera:1.4540582275390625e+02,
       dim_x_realworld:2.5139999389648438e+00,
       dim_y_realworld:1.4800000190734863e+00,
       dim_z_realworld:1.5199999809265137e+00,
       speed_x:-6.3214235007762909e-02, speed_y:-1.1093114614486694e+00,
       speed_x_inertial:9.3104720115661621e-01,
       speed_y_inertial:6.0639840364456177e-01, speed_z_inertial:0.,
       off_x:9.0100002288818359e-01, off_y:0., off_z:0.,
       h_usk:-1.6277191638946533e+00, p_usk:0., r_usk:0.,
       h_inertial:5.7729476690292358e-01,
       p_inertial:1.4901161193847656e-08,
       r_inertial:-5.0312110033701174e-07 }
   - { name:New Character, visible:1, x_camera:7.6338452148437500e+02,
       y_camera:1.4720031738281250e+02, z_camera:1.7614240646362305e+01,
       x_usk:1.9386804580688477e+01, y_usk:-2.5244688987731934e+00,
       z_usk:2.3999977111816406e-01, x_inertial:-5.8244052886962891e+01,
       y_inertial:2.4781926269531250e+03,
       z_inertial:9.7399997711181641e+00,
       dim_x_camera:1.7641174316406250e+01,
       dim_y_camera:6.1966728210449219e+01,
       dim_x_realworld:3.0671301484107971e-01,
       dim_y_realworld:3.3163401484489441e-01,
       dim_z_realworld:1.0839899778366089e+00,
       speed_x:3.8194537162780762e-02, speed_y:2.9913455247879028e-01,
       speed_x_inertial:-2.6359558105468750e-01,
       speed_y_inertial:-1.4648437500000000e-01, speed_z_inertial:0.,
       off_x:0., off_y:0., off_z:0., h_usk:1.4356545209884644e+00,
       p_usk:0., r_usk:0., h_inertial:-2.6425168514251709e+00,
       p_inertial:0., r_inertial:0. }
frame_count_001:
   - { name:SpyingCar, visible:1, x_camera:2.8644171142578125e+02,
       y_camera:1.1716654968261719e+02, z_camera:1.1741277694702148e+01,
       x_usk:1.3099684715270996e+01, y_usk:4.5792202949523926e+00,
       z_usk:0., x_inertial:-6.0240909576416016e+01,
       y_inertial:2.4689189453125000e+03,
       z_inertial:9.5000000000000000e+00,
       dim_x_camera:2.7051309204101562e+02,
       dim_y_camera:1.4549578857421875e+02,
       dim_x_realworld:2.5139999389648438e+00,
       dim_y_realworld:1.4800000190734863e+00,
       dim_z_realworld:1.5199999809265137e+00,
       speed_x:-6.3221633434295654e-02, speed_y:-1.1093109846115112e+00,
       speed_x_inertial:9.3105125427246094e-01,
       speed_y_inertial:6.0639220476150513e-01, speed_z_inertial:0.,
       off_x:9.0100002288818359e-01, off_y:0., off_z:0.,
       h_usk:-1.6277256011962891e+00, p_usk:1.4901161193847656e-08,
       r_usk:1.4901161193847656e-08, h_inertial:5.7728832960128784e-01,
       p_inertial:0., r_inertial:-4.6600388259321335e-07 }
   - { name:New Character, visible:1, x_camera:7.6067395019531250e+02,
       y_camera:1.4721507263183594e+02, z_camera:1.7613754272460938e+01,
       x_usk:1.9393041610717773e+01, y_usk:-2.4776713848114014e+00,
       z_usk:2.3999977111816406e-01, x_inertial:-5.8285446166992188e+01,
       y_inertial:2.4781699218750000e+03,
       z_inertial:9.7399997711181641e+00,
       dim_x_camera:1.7622253417968750e+01,
       dim_y_camera:6.1944190979003906e+01,
       dim_x_realworld:3.0671301484107971e-01,
       dim_y_realworld:3.3163401484489441e-01,
       dim_z_realworld:1.0839899778366089e+00,
       speed_x:6.2377374619245529e-02, speed_y:4.6797594428062439e-01,
       speed_x_inertial:-4.1393280029296875e-01,
       speed_y_inertial:-2.2705078125000000e-01, speed_z_inertial:0.,
       off_x:0., off_y:0., off_z:0., h_usk:1.4356545209884644e+00,
       p_usk:0., r_usk:0., h_inertial:-2.6425168514251709e+00,
       p_inertial:0., r_inertial:0. }
frame_count_002:
   - { name:SpyingCar, visible:1, x_camera:2.9612603759765625e+02,
       y_camera:1.1712269592285156e+02, z_camera:1.1701014518737793e+01,
       x_usk:1.3093361854553223e+01, y_usk:4.4682893753051758e+00,
       z_usk:0., x_inertial:-6.0147804260253906e+01,
       y_inertial:2.4689794921875000e+03,
       z_inertial:9.5000000000000000e+00,
       dim_x_camera:2.6949795532226562e+02,
       dim_y_camera:1.4558587646484375e+02,
       dim_x_realworld:2.5139999389648438e+00,
       dim_y_realworld:1.4800000190734863e+00,
       dim_z_realworld:1.5199999809265137e+00,
       speed_x:-6.3228085637092590e-02, speed_y:-1.1093106269836426e+00,
       speed_x_inertial:9.3105477094650269e-01,
       speed_y_inertial:6.0638678073883057e-01, speed_z_inertial:0.,
       off_x:9.0100002288818359e-01, off_y:0., off_z:0.,
       h_usk:-1.6277315616607666e+00, p_usk:1.4901161193847656e-08,
       r_usk:1.4901161193847656e-08, h_inertial:5.7728242874145508e-01,
       p_inertial:0., r_inertial:-4.2774379949150898e-07 }
   - { name:New Character, visible:1, x_camera:7.5624584960937500e+02,
       y_camera:1.4723973083496094e+02, z_camera:1.7613483428955078e+01,
       x_usk:1.9403480529785156e+01, y_usk:-2.4012649059295654e+00,
       z_usk:2.3999977111816406e-01, x_inertial:-5.8353179931640625e+01,
       y_inertial:2.4781330566406250e+03,
       z_inertial:9.7399997711181641e+00,
       dim_x_camera:1.7601013183593750e+01,
       dim_y_camera:6.1906517028808594e+01,
       dim_x_realworld:3.0671301484107971e-01,
       dim_y_realworld:3.3163401484489441e-01,
       dim_z_realworld:1.0839899778366089e+00,
       speed_x:1.0439217090606689e-01, speed_y:7.6406353712081909e-01,
       speed_x_inertial:-6.7733764648437500e-01,
       speed_y_inertial:-3.6865234375000000e-01, speed_z_inertial:0.,
       off_x:0., off_y:0., off_z:0., h_usk:1.4356545209884644e+00,
       p_usk:0., r_usk:0., h_inertial:-2.6425168514251709e+00,
       p_inertial:0., r_inertial:0. }
frame_count_003:
   - { name:SpyingCar, visible:1, x_camera:3.0582147216796875e+02,
       y_camera:1.1707877349853516e+02, z_camera:1.1661671638488770e+01,
       x_usk:1.3087038993835449e+01, y_usk:4.3573584556579590e+00,
       z_usk:0., x_inertial:-6.0054698944091797e+01,
       y_inertial:2.4690400390625000e+03,
       z_inertial:9.5000000000000000e+00,
       dim_x_camera:2.6848022460937500e+02,
       dim_y_camera:1.4567607116699219e+02,
       dim_x_realworld:2.5139999389648438e+00,
       dim_y_realworld:1.4800000190734863e+00,
       dim_z_realworld:1.5199999809265137e+00,
       speed_x:-6.3234023749828339e-02, speed_y:-1.1093102693557739e+00,
       speed_x_inertial:9.3105798959732056e-01,
       speed_y_inertial:6.0638177394866943e-01, speed_z_inertial:0.,
       off_x:9.0100002288818359e-01, off_y:0., off_z:0.,
       h_usk:-1.6277370452880859e+00, p_usk:0., r_usk:0.,
       h_inertial:5.7727700471878052e-01, p_inertial:0.,
       r_inertial:-3.9227148818099522e-07 }
   - { name:New Character, visible:1, x_camera:7.5083227539062500e+02,
       y_camera:1.4726979064941406e+02, z_camera:1.7613573074340820e+01,
       x_usk:1.9416221618652344e+01, y_usk:-2.3077223300933838e+00,
       z_usk:2.3999977111816406e-01, x_inertial:-5.8436080932617188e+01,
       y_inertial:2.4780878906250000e+03,
       z_inertial:9.7399997711181641e+00,
       dim_x_camera:1.7575073242187500e+01,
       dim_y_camera:6.1860588073730469e+01,
       dim_x_realworld:3.0671301484107971e-01,
       dim_y_realworld:3.3163401484489441e-01,
       dim_z_realworld:1.0839899778366089e+00,
       speed_x:1.2739950418472290e-01, speed_y:9.3542706966400146e-01,
       speed_x_inertial:-8.2901000976562500e-01,
       speed_y_inertial:-4.5166015625000000e-01, speed_z_inertial:0.,
       off_x:0., off_y:0., off_z:0., h_usk:1.4356545209884644e+00,
       p_usk:0., r_usk:0., h_inertial:-2.6425168514251709e+00,
       p_inertial:0., r_inertial:0. }
