%YAML:1.0
---
frame_count_000:
   - { name:rectangle_long, visible:1, x:4.2857144165039062e+02,
       y:2.7493084716796875e+02, x_usk:0., y_usk:0., dim_x:30., dim_y:70. }
   - { name:random_object, visible:1, x:3.3071795654296875e+02,
       y:2.4707623291015625e+02, x_usk:0., y_usk:0., dim_x:30., dim_y:70. }
frame_count_001:
   - { name:rectangle_long, visible:1, x:4.3432513427734375e+02,
       y:2.7322006225585938e+02, x_usk:0., y_usk:0., dim_x:30., dim_y:70. }
   - { name:random_object, visible:1, x:3.2310342407226562e+02,
       y:2.5472203063964844e+02, x_usk:0., y_usk:0., dim_x:30., dim_y:70. }
frame_count_002:
   - { name:rectangle_long, visible:1, x:4.4050781250000000e+02,
       y:2.7235369873046875e+02, x_usk:0., y_usk:0., dim_x:30., dim_y:70. }
   - { name:random_object, visible:1, x:3.1587185668945312e+02,
       y:2.6323599243164062e+02, x_usk:0., y_usk:0., dim_x:30., dim_y:70. }
frame_count_003:
   - { name:rectangle_long, visible:1, x:4.4714044189453125e+02,
       y:2.7233102416992188e+02, x_usk:0., y_usk:0., dim_x:30., dim_y:70. }
   - { name:random_object, visible:1, x:3.0947167968750000e+02,
       y:2.7231347656250000e+02, x_usk:0., y_usk:0., dim_x:30., dim_y:70. }
frame_count_004:
   - { name:rectangle_long, visible:1, x:4.5420730590820312e+02,
       y:2.7312820434570312e+02, x_usk:0., y_usk:0., dim_x:30., dim_y:70. }
   - { name:random_object, visible:1, x:3.0440185546875000e+02,
       y:2.8165475463867188e+02, x_usk:0., y_usk:0., dim_x:30., dim_y:70. }
frame_count_005:
   - { name:rectangle_long, visible:1, x:4.6163717651367188e+02,
       y:2.7469970703125000e+02, x_usk:0., y_usk:0., dim_x:30., dim_y:70. }
   - { name:random_object, visible:1, x:3.0113156127929688e+02,
       y:2.9097274780273438e+02, x_usk:0., y_usk:0., dim_x:30., dim_y:70. }
