%YAML:1.0
---
frame_count_000:
   - { name:SpyingCar, visible:1, x:5.2222206115722656e+01,
       y:2.7054000854492188e+02, dim_x:1.0444441223144531e+02,
       dim_y:1.1166893005371094e+02, x_usk:1.3232866287231445e+01,
       y_usk:7.6735415458679199e+00, dim_x_usk:2.5139999389648438e+00,
       dim_y_usk:1.4800000190734863e+00, speed_x:-7.8997902572154999e-02,
       speed_y:-1.3866404294967651e+00 }
   - { name:New Character, visible:1, x:5.1663165283203125e+02,
       y:2.7715649414062500e+02, dim_x:1.2813385009765625e+01,
       dim_y:4.9622970581054688e+01, x_usk:1.9342163085937500e+01,
       y_usk:-2.5390591621398926e+00, dim_x_usk:3.0671301484107971e-01,
       dim_y_usk:3.3163401484489441e-01, speed_x:2.6667557656764984e-02,
       speed_y:2.4226240813732147e-01 }
frame_count_001:
   - { name:SpyingCar, visible:1, x:5.6133342742919922e+01,
       y:2.7051922607421875e+02, dim_x:1.1226668548583984e+02,
       dim_y:1.1174783325195312e+02, x_usk:1.3224965095520020e+01,
       y_usk:7.5348777770996094e+00, dim_x_usk:2.5139999389648438e+00,
       dim_y_usk:1.4800000190734863e+00, speed_x:-7.9011522233486176e-02,
       speed_y:-1.3866397142410278e+00 }
   - { name:New Character, visible:1, x:5.1497778320312500e+02,
       y:2.7716326904296875e+02, dim_x:1.2776000976562500e+01,
       dim_y:4.9608261108398438e+01, x_usk:1.9347501754760742e+01,
       y_usk:-2.4988405704498291e+00, dim_x_usk:3.0671301484107971e-01,
       dim_y_usk:3.3163401484489441e-01, speed_x:6.4636051654815674e-02,
       speed_y:5.4108965396881104e-01 }
frame_count_002:
   - { name:SpyingCar, visible:1, x:6.0049331665039062e+01,
       y:2.7049835205078125e+02, dim_x:1.2009866333007812e+02,
       dim_y:1.1182682800292969e+02, x_usk:1.3217063903808594e+01,
       y_usk:7.3962135314941406e+00, dim_x_usk:2.5139999389648438e+00,
       dim_y_usk:1.4800000190734863e+00, speed_x:-7.9023733735084534e-02,
       speed_y:-1.3866389989852905e+00 }
   - { name:New Character, visible:1, x:5.1210699462890625e+02,
       y:2.7717535400390625e+02, dim_x:1.2710937500000000e+01,
       dim_y:4.9582000732421875e+01, x_usk:1.9357040405273438e+01,
       y_usk:-2.4290132522583008e+00, dim_x_usk:3.0671301484107971e-01,
       dim_y_usk:3.3163401484489441e-01, speed_x:1.0283058881759644e-01,
       speed_y:8.4022420644760132e-01 }
frame_count_003:
   - { name:SpyingCar, visible:1, x:6.3970230102539062e+01,
       y:2.7047747802734375e+02, dim_x:1.2794046020507812e+02,
       dim_y:1.1190592956542969e+02, x_usk:1.3209160804748535e+01,
       y_usk:7.2575497627258301e+00, dim_x_usk:2.5139999389648438e+00,
       dim_y_usk:1.4800000190734863e+00, speed_x:-7.9034708440303802e-02,
       speed_y:-1.3866382837295532e+00 }
   - { name:New Character, visible:1, x:5.0801855468750000e+02,
       y:2.7719250488281250e+02, dim_x:1.2618438720703125e+01,
       dim_y:4.9544769287109375e+01, x_usk:1.9370586395263672e+01,
       y_usk:-2.3294327259063721e+00, dim_x_usk:3.0671301484107971e-01,
       dim_y_usk:3.3163401484489441e-01, speed_x:1.4079909026622772e-01,
       speed_y:1.1390515565872192e+00 }
frame_count_004:
   - { name:SpyingCar, visible:1, x:6.7896011352539062e+01,
       y:2.7045657348632812e+02, dim_x:1.3579202270507812e+02,
       dim_y:1.1198515319824219e+02, x_usk:1.3201256752014160e+01,
       y_usk:7.1188859939575195e+00, dim_x_usk:2.5139999389648438e+00,
       dim_y_usk:1.4800000190734863e+00, speed_x:-7.9044513404369354e-02,
       speed_y:-1.3866378068923950e+00 }
   - { name:New Character, visible:1, x:5.0306011962890625e+02,
       y:2.7176879882812500e+02, dim_x:1.2557739257812500e+01,
       dim_y:4.9570404052734375e+01, x_usk:1.9386980056762695e+01,
       y_usk:-2.2090847492218018e+00, dim_x_usk:3.0671301484107971e-01,
       dim_y_usk:3.3163401484489441e-01, speed_x:1.6385404765605927e-01,
       speed_y:1.2115952968597412e+00 }
frame_count_005:
   - { name:SpyingCar, visible:1, x:7.1826705932617188e+01,
       y:2.7043566894531250e+02, dim_x:1.4365341186523438e+02,
       dim_y:1.1206446838378906e+02, x_usk:1.3193351745605469e+01,
       y_usk:6.9802222251892090e+00, dim_x_usk:2.5139999389648438e+00,
       dim_y_usk:1.4800000190734863e+00, speed_x:-7.9053297638893127e-02,
       speed_y:-1.3866372108459473e+00 }
   - { name:New Character, visible:1, x:4.9805859375000000e+02,
       y:2.7179437255859375e+02, dim_x:1.2534912109375000e+01,
       dim_y:4.9525360107421875e+01, x_usk:1.9403369903564453e+01,
       y_usk:-2.0879192352294922e+00, dim_x_usk:3.0671301484107971e-01,
       dim_y_usk:3.3163401484489441e-01, speed_x:1.6385404765605927e-01,
       speed_y:1.2115952968597412e+00 }
frame_count_006:
   - { name:SpyingCar, visible:1, x:7.5762306213378906e+01,
       y:2.7041470336914062e+02, dim_x:1.5152461242675781e+02,
       dim_y:1.1214387512207031e+02, x_usk:1.3185445785522461e+01,
       y_usk:6.8415584564208984e+00, dim_x_usk:2.5139999389648438e+00,
       dim_y_usk:1.4800000190734863e+00, speed_x:-7.9061239957809448e-02,
       speed_y:-1.3866368532180786e+00 }
   - { name:New Character, visible:1, x:4.9307360839843750e+02,
       y:2.7182025146484375e+02, dim_x:1.2517303466796875e+01,
       dim_y:4.9479888916015625e+01, x_usk:1.9419956207275391e+01,
       y_usk:-1.9668982028961182e+00, dim_x_usk:3.0671301484107971e-01,
       dim_y_usk:3.3163401484489441e-01, speed_x:1.6408008337020874e-01,
       speed_y:1.2119026184082031e+00 }
frame_count_007:
   - { name:SpyingCar, visible:1, x:7.9702842712402344e+01,
       y:2.7039370727539062e+02, dim_x:1.5940568542480469e+02,
       dim_y:1.1222343444824219e+02, x_usk:1.3177539825439453e+01,
       y_usk:6.7028951644897461e+00, dim_x_usk:2.5139999389648438e+00,
       dim_y_usk:1.4800000190734863e+00, speed_x:-7.9068250954151154e-02,
       speed_y:-1.3866364955902100e+00 }
   - { name:New Character, visible:1, x:4.8813488769531250e+02,
       y:2.7184573364257812e+02, dim_x:1.2583679199218750e+01,
       dim_y:4.9435012817382812e+01, x_usk:1.9436344146728516e+01,
       y_usk:-1.8457355499267578e+00, dim_x_usk:3.0671301484107971e-01,
       dim_y_usk:3.3163401484489441e-01, speed_x:1.6385404765605927e-01,
       speed_y:1.2115952968597412e+00 }
frame_count_008:
   - { name:SpyingCar, visible:1, x:8.3648300170898438e+01,
       y:2.7037268066406250e+02, dim_x:1.6729660034179688e+02,
       dim_y:1.1230307006835938e+02, x_usk:1.3169631958007812e+01,
       y_usk:6.5642313957214355e+00, dim_x_usk:2.5139999389648438e+00,
       dim_y_usk:1.4800000190734863e+00, speed_x:-7.9074576497077942e-02,
       speed_y:-1.3866361379623413e+00 }
   - { name:New Character, visible:1, x:4.8320977783203125e+02,
       y:2.7187145996093750e+02, dim_x:1.2649566650390625e+01,
       dim_y:4.9389694213867188e+01, x_usk:1.9452930450439453e+01,
       y_usk:-1.7247145175933838e+00, dim_x_usk:3.0671301484107971e-01,
       dim_y_usk:3.3163401484489441e-01, speed_x:1.6385404765605927e-01,
       speed_y:1.2115952968597412e+00 }
frame_count_009:
   - { name:SpyingCar, visible:1, x:8.7598709106445312e+01,
       y:2.7035165405273438e+02, dim_x:1.7519741821289062e+02,
       dim_y:1.1238281250000000e+02, x_usk:1.3161724090576172e+01,
       y_usk:6.4255676269531250e+00, dim_x_usk:2.5139999389648438e+00,
       dim_y_usk:1.4800000190734863e+00, speed_x:-7.9080082476139069e-02,
       speed_y:-1.3866357803344727e+00 }
   - { name:New Character, visible:1, x:4.7828863525390625e+02,
       y:2.7189685058593750e+02, dim_x:1.2715423583984375e+01,
       dim_y:4.9344970703125000e+01, x_usk:1.9469320297241211e+01,
       y_usk:-1.6035488843917847e+00, dim_x_usk:3.0671301484107971e-01,
       dim_y_usk:3.3163401484489441e-01, speed_x:1.6385404765605927e-01,
       speed_y:1.2115952968597412e+00 }
