%YAML:1.0
---
frame_count_000:
   - { name:SpyingCar, visible:1, x:1.8202177429199219e+02,
       y:2.7020639038085938e+02, dim_x:1.8409957885742188e+02,
       dim_y:1.1293345642089844e+02, x_usk:1.3107271194458008e+01,
       y_usk:4.7123379707336426e+00, dim_x_usk:2.5139999389648438e+00,
       dim_y_usk:1.4800000190734863e+00, speed_x:-6.3212737441062927e-02,
       speed_y:-1.1093114614486694e+00 }
   - { name:New Character, visible:1, x:5.1599072265625000e+02,
       y:2.7721200561523438e+02, dim_x:1.2769592285156250e+01,
       dim_y:4.9502456665039062e+01, x_usk:1.9386001586914062e+01,
       y_usk:-2.5300917625427246e+00, dim_x_usk:3.0671301484107971e-01,
       dim_y_usk:3.3163401484489441e-01, speed_x:2.6667557656764984e-02,
       speed_y:2.4226240813732147e-01 }
frame_count_001:
   - { name:SpyingCar, visible:1, x:1.8875547790527344e+02,
       y:2.7018936157226562e+02, dim_x:1.8344241333007812e+02,
       dim_y:1.1299798583984375e+02, x_usk:1.3100949287414551e+01,
       y_usk:4.6014065742492676e+00, dim_x_usk:2.5139999389648438e+00,
       dim_y_usk:1.4800000190734863e+00, speed_x:-6.3219912350177765e-02,
       speed_y:-1.1093111038208008e+00 }
   - { name:New Character, visible:1, x:5.1434100341796875e+02,
       y:2.7721875000000000e+02, dim_x:1.2732330322265625e+01,
       dim_y:4.9487823486328125e+01, x_usk:1.9391340255737305e+01,
       y_usk:-2.4898734092712402e+00, dim_x_usk:3.0671301484107971e-01,
       dim_y_usk:3.3163401484489441e-01, speed_x:6.4636051654815674e-02,
       speed_y:5.4108965396881104e-01 }
frame_count_002:
   - { name:SpyingCar, visible:1, x:1.9549635314941406e+02,
       y:2.7017233276367188e+02, dim_x:1.8278372192382812e+02,
       dim_y:1.1306257629394531e+02, x_usk:1.3094626426696777e+01,
       y_usk:4.4904756546020508e+00, dim_x_usk:2.5139999389648438e+00,
       dim_y_usk:1.4800000190734863e+00, speed_x:-6.3226535916328430e-02,
       speed_y:-1.1093107461929321e+00 }
   - { name:New Character, visible:1, x:5.1147744750976562e+02,
       y:2.7723077392578125e+02, dim_x:1.2667663574218750e+01,
       dim_y:4.9461685180664062e+01, x_usk:1.9400878906250000e+01,
       y_usk:-2.4200460910797119e+00, dim_x_usk:3.0671301484107971e-01,
       dim_y_usk:3.3163401484489441e-01, speed_x:1.0283058881759644e-01,
       speed_y:8.4022420644760132e-01 }
frame_count_003:
   - { name:SpyingCar, visible:1, x:2.0224444580078125e+02,
       y:2.7015527343750000e+02, dim_x:1.8212351989746094e+02,
       dim_y:1.1312725830078125e+02, x_usk:1.3088303565979004e+01,
       y_usk:4.3795447349548340e+00, dim_x_usk:2.5139999389648438e+00,
       dim_y_usk:1.4800000190734863e+00, speed_x:-6.3232555985450745e-02,
       speed_y:-1.1093103885650635e+00 }
   - { name:New Character, visible:1, x:5.0770135498046875e+02,
       y:2.7724670410156250e+02, dim_x:1.2582427978515625e+01,
       dim_y:4.9427078247070312e+01, x_usk:1.9413528442382812e+01,
       y_usk:-2.3278622627258301e+00, dim_x_usk:3.0671301484107971e-01,
       dim_y_usk:3.3163401484489441e-01, speed_x:1.3741354644298553e-01,
       speed_y:9.2843967676162720e-01 }
frame_count_004:
   - { name:SpyingCar, visible:1, x:2.0899980163574219e+02,
       y:2.7013818359375000e+02, dim_x:1.8146182250976562e+02,
       dim_y:1.1319200134277344e+02, x_usk:1.3081980705261230e+01,
       y_usk:4.2686133384704590e+00, dim_x_usk:2.5139999389648438e+00,
       dim_y_usk:1.4800000190734863e+00, speed_x:-6.3238151371479034e-02,
       speed_y:-1.1093100309371948e+00 }
   - { name:New Character, visible:1, x:5.0385659790039062e+02,
       y:2.7183007812500000e+02, dim_x:1.2532287597656250e+01,
       dim_y:4.9462539672851562e+01, x_usk:1.9426282882690430e+01,
       y_usk:-2.2343010902404785e+00, dim_x_usk:3.0671301484107971e-01,
       dim_y_usk:3.3163401484489441e-01, speed_x:1.3741354644298553e-01,
       speed_y:9.2843967676162720e-01 }
