%YAML:1.0
---
frame_count_000:
   - { name:rectangle_long, visible:1, x:4.2857144165039062e+02,
       y:3.2506915283203125e+02 }
   - { name:random_object, visible:1, x:3.7142855834960938e+02,
       y:2.7493084716796875e+02 }
frame_count_001:
   - { name:rectangle_long, visible:1, x:4.2746859741210938e+02,
       y:3.2416818237304688e+02 }
   - { name:random_object, visible:1, x:3.7031027221679688e+02,
       y:2.7402362060546875e+02 }
frame_count_002:
   - { name:rectangle_long, visible:1, x:4.2638079833984375e+02,
       y:3.2327340698242188e+02 }
   - { name:random_object, visible:1, x:3.6917614746093750e+02,
       y:2.7311007690429688e+02 }
frame_count_003:
   - { name:rectangle_long, visible:1, x:4.2530755615234375e+02,
       y:3.2238467407226562e+02 }
   - { name:random_object, visible:1, x:3.6802575683593750e+02,
       y:2.7219018554687500e+02 }
frame_count_004:
   - { name:rectangle_long, visible:1, x:4.2424847412109375e+02,
       y:3.2150192260742188e+02 }
   - { name:random_object, visible:1, x:3.6685876464843750e+02,
       y:2.7126397705078125e+02 }
frame_count_005:
   - { name:rectangle_long, visible:1, x:4.2320300292968750e+02,
       y:3.2062496948242188e+02 }
   - { name:random_object, visible:1, x:3.6567486572265625e+02,
       y:2.7033151245117188e+02 }
frame_count_006:
   - { name:rectangle_long, visible:1, x:4.2217074584960938e+02,
       y:3.1975369262695312e+02 }
   - { name:random_object, visible:1, x:3.6447372436523438e+02,
       y:2.6939288330078125e+02 }
frame_count_007:
   - { name:rectangle_long, visible:1, x:4.2115112304687500e+02,
       y:3.1888790893554688e+02 }
   - { name:random_object, visible:1, x:3.6325509643554688e+02,
       y:2.6844818115234375e+02 }
frame_count_008:
   - { name:rectangle_long, visible:1, x:4.2014370727539062e+02,
       y:3.1802740478515625e+02 }
   - { name:random_object, visible:1, x:3.6201873779296875e+02,
       y:2.6749768066406250e+02 }
frame_count_009:
   - { name:rectangle_long, visible:1, x:4.1914794921875000e+02,
       y:3.1717205810546875e+02 }
   - { name:random_object, visible:1, x:3.6076449584960938e+02,
       y:2.6654162597656250e+02 }
frame_count_010:
   - { name:rectangle_long, visible:1, x:4.1816336059570312e+02,
       y:3.1632159423828125e+02 }
   - { name:random_object, visible:1, x:3.5949218750000000e+02,
       y:2.6558035278320312e+02 }
