%YAML:1.0
---
TRAJECTORY:
   - { id:3, x:4.7397647094726562e+02, y:2.7065527343750000e+02 }
   - { id:4, x:1.0287464904785156e+02, y:2.7016552734375000e+02 }
   - { id:3, x:4.7278878784179688e+02, y:2.7066152954101562e+02 }
   - { id:4, x:1.0415480041503906e+02, y:2.7017706298828125e+02 }
   - { id:3, x:4.6778991699218750e+02, y:2.7068856811523438e+02 }
   - { id:4, x:1.0954697418212891e+02, y:2.7022561645507812e+02 }
   - { id:3, x:4.6424426269531250e+02, y:2.6677984619140625e+02 }
   - { id:4, x:1.1365008544921875e+02, y:2.7026257324218750e+02 }
   - { id:3, x:4.6067950439453125e+02, y:2.6680154418945312e+02 }
   - { id:4, x:1.1868243408203125e+02, y:2.7030786132812500e+02 }
   - { id:3, x:4.5712310791015625e+02, y:2.6682345581054688e+02 }
   - { id:4, x:1.2423687744140625e+02, y:2.7035787963867188e+02 }
   - { id:3, x:4.5356768798828125e+02, y:2.6684509277343750e+02 }
   - { id:4, x:1.2977355957031250e+02, y:2.7040768432617188e+02 }
   - { id:3, x:4.4647436523437500e+02, y:2.6688854980468750e+02 }
   - { id:4, x:1.4079148864746094e+02, y:2.7050683593750000e+02 }
   - { id:3, x:4.4293270874023438e+02, y:2.6691009521484375e+02 }
   - { id:4, x:1.4627301025390625e+02, y:2.7055615234375000e+02 }
   - { id:3, x:4.3939962768554688e+02, y:2.6693188476562500e+02 }
   - { id:4, x:1.5173634338378906e+02, y:2.7060528564453125e+02 }
   - { id:3, x:4.3586718750000000e+02, y:2.6695336914062500e+02 }
   - { id:4, x:1.5718154907226562e+02, y:2.6672167968750000e+02 }
   - { id:3, x:4.3234320068359375e+02, y:2.6697509765625000e+02 }
   - { id:4, x:1.6261474609375000e+02, y:2.6677728271484375e+02 }
   - { id:3, x:4.2881991577148438e+02, y:2.6699655151367188e+02 }
   - { id:4, x:1.6802377319335938e+02, y:2.6683242797851562e+02 }
   - { id:3, x:4.2530126953125000e+02, y:2.6701794433593750e+02 }
   - { id:4, x:1.7341510009765625e+02, y:2.6688739013671875e+02 }
   - { id:3, x:4.2179107666015625e+02, y:2.6703958129882812e+02 }
   - { id:4, x:1.7878865051269531e+02, y:2.6694219970703125e+02 }
   - { id:3, x:4.1828143310546875e+02, y:2.6706094360351562e+02 }
   - { id:4, x:1.8414451599121094e+02, y:2.6699679565429688e+02 }
   - { id:3, x:4.1478036499023438e+02, y:2.6708251953125000e+02 }
   - { id:4, x:1.8948278808593750e+02, y:2.6705120849609375e+02 }
   - { id:3, x:4.1127978515625000e+02, y:2.6710382080078125e+02 }
   - { id:4, x:1.9480340576171875e+02, y:2.6710546875000000e+02 }
   - { id:3, x:4.0778381347656250e+02, y:2.6712509155273438e+02 }
   - { id:4, x:2.0010678100585938e+02, y:2.6715951538085938e+02 }
   - { id:3, x:4.0429638671875000e+02, y:2.6714660644531250e+02 }
   - { id:4, x:2.0539846801757812e+02, y:2.6721368408203125e+02 }
   - { id:3, x:4.0080935668945312e+02, y:2.6716781616210938e+02 }
   - { id:4, x:2.1066716003417969e+02, y:2.6726736450195312e+02 }
   - { id:3, x:3.9733096313476562e+02, y:2.6718927001953125e+02 }
   - { id:4, x:2.1591871643066406e+02, y:2.6732092285156250e+02 }
   - { id:3, x:3.9385299682617188e+02, y:2.6721041870117188e+02 }
   - { id:4, x:2.2116987609863281e+02, y:2.6737426757812500e+02 }
   - { id:3, x:3.9037939453125000e+02, y:2.6723156738281250e+02 }
   - { id:4, x:2.2641976928710938e+02, y:2.6742745971679688e+02 }
   - { id:3, x:3.8691448974609375e+02, y:2.6725292968750000e+02 }
   - { id:4, x:2.3162705993652344e+02, y:2.6748046875000000e+02 }
   - { id:3, x:3.8344985961914062e+02, y:2.6727398681640625e+02 }
   - { id:4, x:2.3681044006347656e+02, y:2.6753332519531250e+02 }
   - { id:3, x:3.7999401855468750e+02, y:2.6729528808593750e+02 }
   - { id:4, x:2.4198236083984375e+02, y:2.6758621215820312e+02 }
   - { id:3, x:3.7653823852539062e+02, y:2.6731634521484375e+02 }
   - { id:4, x:2.4713226318359375e+02, y:2.6763870239257812e+02 }
   - { id:3, x:3.7308691406250000e+02, y:2.6733734130859375e+02 }
   - { id:4, x:2.5226544189453125e+02, y:2.6769104003906250e+02 }
   - { id:3, x:3.6620184326171875e+02, y:2.6737951660156250e+02 }
   - { id:4, x:2.6248266601562500e+02, y:2.6779519653320312e+02 }
   - { id:3, x:3.5933453369140625e+02, y:2.6742156982421875e+02 }
   - { id:4, x:2.7263446044921875e+02, y:2.6789868164062500e+02 }
   - { id:3, x:3.5248480224609375e+02, y:2.6746350097656250e+02 }
   - { id:4, x:2.8272631835937500e+02, y:2.6800173950195312e+02 }
   - { id:3, x:3.4906433105468750e+02, y:2.6748431396484375e+02 }
   - { id:4, x:2.8774569702148438e+02, y:2.6805291748046875e+02 }
   - { id:3, x:3.4564813232421875e+02, y:2.6750509643554688e+02 }
   - { id:4, x:2.9274914550781250e+02, y:2.6810391235351562e+02 }
   - { id:3, x:3.4224084472656250e+02, y:2.6752609252929688e+02 }
   - { id:4, x:2.9773660278320312e+02, y:2.6815475463867188e+02 }
   - { id:3, x:3.3883337402343750e+02, y:2.6754681396484375e+02 }
   - { id:4, x:3.0270834350585938e+02, y:2.6820541381835938e+02 }
   - { id:3, x:3.3543481445312500e+02, y:2.6756777954101562e+02 }
   - { id:4, x:3.0766433715820312e+02, y:2.6825592041015625e+02 }
   - { id:3, x:3.3203607177734375e+02, y:2.6758843994140625e+02 }
   - { id:4, x:3.1260925292968750e+02, y:2.6830651855468750e+02 }
