%YAML:1.0
---
frame_count_000:
   - { name:New Character, visible:0, x:-1., y:-1. }
   - { name:New Character01, visible:0, x:-1., y:-1. }
frame_count_001:
   - { name:New Character, visible:1, x:5.1663165283203125e+02,
       y:2.7715649414062500e+02 }
   - { name:New Character01, visible:0, x:-1., y:-1. }
frame_count_002:
   - { name:New Character, visible:1, x:5.1497778320312500e+02,
       y:2.7716326904296875e+02 }
   - { name:New Character01, visible:0, x:-1., y:-1. }
frame_count_003:
   - { name:New Character, visible:1, x:5.1210699462890625e+02,
       y:2.7717535400390625e+02 }
   - { name:New Character01, visible:0, x:-1., y:-1. }
frame_count_004:
   - { name:New Character, visible:1, x:5.0801855468750000e+02,
       y:2.7719250488281250e+02 }
   - { name:New Character01, visible:0, x:-1., y:-1. }
frame_count_005:
   - { name:New Character, visible:1, x:5.0306011962890625e+02,
       y:2.7176879882812500e+02 }
   - { name:New Character01, visible:0, x:-1., y:-1. }
frame_count_006:
   - { name:New Character, visible:1, x:4.9805859375000000e+02,
       y:2.7179437255859375e+02 }
   - { name:New Character01, visible:0, x:-1., y:-1. }
frame_count_007:
   - { name:New Character, visible:1, x:4.9307360839843750e+02,
       y:2.7182025146484375e+02 }
   - { name:New Character01, visible:0, x:-1., y:-1. }
frame_count_008:
   - { name:New Character, visible:1, x:4.8813488769531250e+02,
       y:2.7184573364257812e+02 }
   - { name:New Character01, visible:0, x:-1., y:-1. }
frame_count_009:
   - { name:New Character, visible:1, x:4.8320977783203125e+02,
       y:2.7187145996093750e+02 }
   - { name:New Character01, visible:0, x:-1., y:-1. }
frame_count_010:
   - { name:New Character, visible:1, x:4.7828863525390625e+02,
       y:2.7189685058593750e+02 }
   - { name:New Character01, visible:0, x:-1., y:-1. }
frame_count_011:
   - { name:New Character, visible:1, x:4.7337634277343750e+02,
       y:2.7192221069335938e+02 }
   - { name:New Character01, visible:0, x:-1., y:-1. }
frame_count_012:
   - { name:New Character, visible:1, x:4.6847796630859375e+02,
       y:2.7194781494140625e+02 }
   - { name:New Character01, visible:0, x:-1., y:-1. }
frame_count_013:
   - { name:New Character, visible:1, x:4.6358319091796875e+02,
       y:2.7197305297851562e+02 }
   - { name:New Character01, visible:0, x:-1., y:-1. }
frame_count_014:
   - { name:New Character, visible:1, x:4.5870233154296875e+02,
       y:2.7199859619140625e+02 }
   - { name:New Character01, visible:0, x:-1., y:-1. }
frame_count_015:
   - { name:New Character, visible:1, x:4.5382507324218750e+02,
       y:2.7202374267578125e+02 }
   - { name:New Character01, visible:0, x:-1., y:-1. }
frame_count_016:
   - { name:New Character, visible:1, x:4.4895660400390625e+02,
       y:2.7204885864257812e+02 }
   - { name:New Character01, visible:0, x:-1., y:-1. }
frame_count_017:
   - { name:New Character, visible:1, x:4.4410195922851562e+02,
       y:2.7207424926757812e+02 }
   - { name:New Character01, visible:0, x:-1., y:-1. }
frame_count_018:
   - { name:New Character, visible:1, x:4.3925070190429688e+02,
       y:2.7209927368164062e+02 }
   - { name:New Character01, visible:0, x:-1., y:-1. }
frame_count_019:
   - { name:New Character, visible:1, x:4.3441345214843750e+02,
       y:2.7212454223632812e+02 }
   - { name:New Character01, visible:0, x:-1., y:-1. }
frame_count_020:
   - { name:New Character, visible:1, x:4.2957946777343750e+02,
       y:2.7214947509765625e+02 }
   - { name:New Character01, visible:0, x:-1., y:-1. }
frame_count_021:
   - { name:New Character, visible:1, x:4.2475415039062500e+02,
       y:2.7217437744140625e+02 }
   - { name:New Character01, visible:0, x:-1., y:-1. }
frame_count_022:
   - { name:New Character, visible:1, x:4.1994277954101562e+02,
       y:2.7219952392578125e+02 }
   - { name:New Character01, visible:0, x:-1., y:-1. }
frame_count_023:
   - { name:New Character, visible:1, x:4.1513446044921875e+02,
       y:2.7222433471679688e+02 }
   - { name:New Character01, visible:0, x:-1., y:-1. }
frame_count_024:
   - { name:New Character, visible:1, x:4.1034027099609375e+02,
       y:2.7224938964843750e+02 }
   - { name:New Character01, visible:0, x:-1., y:-1. }
frame_count_025:
   - { name:New Character, visible:1, x:4.0554907226562500e+02,
       y:2.7227410888671875e+02 }
   - { name:New Character01, visible:0, x:-1., y:-1. }
frame_count_026:
   - { name:New Character, visible:1, x:4.0076623535156250e+02,
       y:2.7229876708984375e+02 }
   - { name:New Character01, visible:0, x:-1., y:-1. }
frame_count_027:
   - { name:New Character, visible:1, x:3.9599755859375000e+02,
       y:2.7232369995117188e+02 }
   - { name:New Character01, visible:0, x:-1., y:-1. }
frame_count_028:
   - { name:New Character, visible:1, x:3.9123162841796875e+02,
       y:2.7234829711914062e+02 }
   - { name:New Character01, visible:0, x:-1., y:-1. }
frame_count_029:
   - { name:New Character, visible:1, x:3.8647998046875000e+02,
       y:2.7237310791015625e+02 }
   - { name:New Character01, visible:0, x:-1., y:-1. }
frame_count_030:
   - { name:New Character, visible:1, x:3.8173083496093750e+02,
       y:2.7239761352539062e+02 }
   - { name:New Character01, visible:1, x:2.0463772583007812e+02,
       y:2.7276385498046875e+02 }
frame_count_031:
   - { name:New Character, visible:1, x:3.7698999023437500e+02,
       y:2.7242205810546875e+02 }
   - { name:New Character01, visible:1, x:2.1174653625488281e+02,
       y:2.7282434082031250e+02 }
frame_count_032:
   - { name:New Character, visible:1, x:3.7226348876953125e+02,
       y:2.7244677734375000e+02 }
   - { name:New Character01, visible:1, x:2.1884068298339844e+02,
       y:2.7288455200195312e+02 }
frame_count_033:
   - { name:New Character, visible:1, x:3.6753930664062500e+02,
       y:2.7247113037109375e+02 }
   - { name:New Character01, visible:1, x:2.2594668579101562e+02,
       y:2.7294451904296875e+02 }
frame_count_034:
   - { name:New Character, visible:1, x:3.6282958984375000e+02,
       y:2.7249575805664062e+02 }
   - { name:New Character01, visible:1, x:2.3298864746093750e+02,
       y:2.7300418090820312e+02 }
frame_count_035:
   - { name:New Character, visible:1, x:3.5812203979492188e+02,
       y:2.7252001953125000e+02 }
   - { name:New Character01, visible:1, x:2.3997308349609375e+02,
       y:2.7306359863281250e+02 }
frame_count_036:
   - { name:New Character, visible:1, x:3.5342266845703125e+02,
       y:2.7254425048828125e+02 }
   - { name:New Character01, visible:1, x:2.4693399047851562e+02,
       y:2.7312304687500000e+02 }
frame_count_037:
   - { name:New Character, visible:1, x:3.4873773193359375e+02,
       y:2.7256875610351562e+02 }
   - { name:New Character01, visible:1, x:2.5385772705078125e+02,
       y:2.7318197631835938e+02 }
frame_count_038:
   - { name:New Character, visible:1, x:3.4405493164062500e+02,
       y:2.7259289550781250e+02 }
   - { name:New Character01, visible:1, x:2.6075146484375000e+02,
       y:2.7324060058593750e+02 }
