%YAML:1.0
---
shape_pointsframe_skip1_dataprocessing_0_generated:
   - { good_pixels:12599., total_pixels:12599. }
   - { good_pixels:12599., total_pixels:12599. }
   - { good_pixels:1.2699500000000000e+04,
       total_pixels:1.2699500000000000e+04 }
   - { good_pixels:1.2699500000000000e+04,
       total_pixels:1.2699500000000000e+04 }
   - { good_pixels:12638., total_pixels:12638. }
   - { good_pixels:12638., total_pixels:12638. }
   - { good_pixels:12638., total_pixels:12638. }
   - { good_pixels:12638., total_pixels:12638. }
   - { good_pixels:1.2576500000000000e+04,
       total_pixels:1.2576500000000000e+04 }
   - { good_pixels:1.2576500000000000e+04,
       total_pixels:1.2576500000000000e+04 }
   - { good_pixels:1.2576500000000000e+04,
       total_pixels:1.2576500000000000e+04 }
   - { good_pixels:1.2576500000000000e+04,
       total_pixels:1.2576500000000000e+04 }
   - { good_pixels:1.2576500000000000e+04,
       total_pixels:1.2576500000000000e+04 }
   - { good_pixels:12515., total_pixels:12515. }
   - { good_pixels:12515., total_pixels:12515. }
collision_pointsframe_skip1_dataprocessing_0_generated:
   - { x:.Inf, y:.Inf }
   - { x:1.7638875000000000e+04, y:-4.1085754394531250e+02 }
   - { x:1.7349093750000000e+04, y:-4.0547644042968750e+02 }
   - { x:1.7880906250000000e+04, y:-4.1204290771484375e+02 }
   - { x:1.7123640625000000e+04, y:-4.0454681396484375e+02 }
   - { x:1.7810843750000000e+04, y:-4.1179492187500000e+02 }
   - { x:4.8270254516601562e+02, y:-3.5981430053710938e+02 }
   - { x:6.5811953125000000e+03, y:-3.7814855957031250e+02 }
   - { x:6.6823046875000000e+03, y:-3.7655731201171875e+02 }
   - { x:7.2701093750000000e+03, y:-3.8018911743164062e+02 }
   - { x:6.0219921875000000e+03, y:-3.7475387573242188e+02 }
   - { x:7.2485625000000000e+03, y:-3.8010351562500000e+02 }
   - { x:6.0332343750000000e+03, y:-3.7485974121093750e+02 }
   - { x:6.6355000000000000e+03, y:-3.7638101196289062e+02 }
   - { x:7.1940546875000000e+03, y:-3.8208444213867188e+02 }
line_anglesframe_skip1_dataprocessing_0_generated:
   - { obj1:.Inf, obj2:.Inf }
   - { obj1:-1.7175529897212982e-01, obj2:-2.6513803005218506e-01 }
   - { obj1:-1.5505337715148926e-01, obj2:-2.5139337778091431e-01 }
   - { obj1:-1.7166414856910706e-01, obj2:-2.6532295346260071e-01 }
   - { obj1:-1.5400482714176178e-01, obj2:-2.5156801939010620e-01 }
   - { obj1:-1.7157456278800964e-01, obj2:-2.6554518938064575e-01 }
   - { obj1:-1.5490178763866425e-01, obj2:5.7295776367187500e+01 }
   - { obj1:-1.7148800194263458e-01, obj2:-3.5378181934356689e-01 }
   - { obj1:-1.5482676029205322e-01, obj2:-3.3319464325904846e-01 }
   - { obj1:-1.7140002548694611e-01, obj2:-3.3494728803634644e-01 }
   - { obj1:-1.5474523603916168e-01, obj2:-3.5412815213203430e-01 }
   - { obj1:-1.7132537066936493e-01, obj2:-3.3518990874290466e-01 }
   - { obj1:-1.5559160709381104e-01, obj2:-3.5437592864036560e-01 }
   - { obj1:-1.5461260080337524e-01, obj2:-3.3381694555282593e-01 }
   - { obj1:-1.8898710608482361e-01, obj2:-3.5465380549430847e-01 }
shape_pointsframe_skip1_dataprocessing_0results_FB_none_:
   - { good_pixels:0., total_pixels:12599. }
   - { good_pixels:4190., total_pixels:12599. }
   - { good_pixels:4.0935000000000000e+03,
       total_pixels:1.2699500000000000e+04 }
   - { good_pixels:4146., total_pixels:1.2699500000000000e+04 }
   - { good_pixels:4149., total_pixels:12638. }
   - { good_pixels:4.1045000000000000e+03, total_pixels:12638. }
   - { good_pixels:4193., total_pixels:12638. }
   - { good_pixels:4111., total_pixels:12638. }
   - { good_pixels:4118., total_pixels:1.2576500000000000e+04 }
   - { good_pixels:4103., total_pixels:1.2576500000000000e+04 }
   - { good_pixels:4.0055000000000000e+03,
       total_pixels:1.2576500000000000e+04 }
   - { good_pixels:4023., total_pixels:1.2576500000000000e+04 }
   - { good_pixels:4081., total_pixels:1.2576500000000000e+04 }
   - { good_pixels:3913., total_pixels:12515. }
   - { good_pixels:3.8095000000000000e+03, total_pixels:12515. }
shape_pointsframe_skip1_dataprocessing_1results_FB_none_:
   - { good_pixels:0., total_pixels:12599. }
   - { good_pixels:0., total_pixels:12599. }
   - { good_pixels:0., total_pixels:1.2699500000000000e+04 }
   - { good_pixels:0., total_pixels:1.2699500000000000e+04 }
   - { good_pixels:0., total_pixels:12638. }
   - { good_pixels:0., total_pixels:12638. }
   - { good_pixels:1.9050000000000000e+02, total_pixels:12638. }
   - { good_pixels:0., total_pixels:12638. }
   - { good_pixels:0., total_pixels:1.2576500000000000e+04 }
   - { good_pixels:0., total_pixels:1.2576500000000000e+04 }
   - { good_pixels:0., total_pixels:1.2576500000000000e+04 }
   - { good_pixels:0., total_pixels:1.2576500000000000e+04 }
   - { good_pixels:0., total_pixels:1.2576500000000000e+04 }
   - { good_pixels:0., total_pixels:12515. }
   - { good_pixels:0., total_pixels:12515. }
shape_pointsframe_skip1_dataprocessing_2results_FB_none_:
   - { good_pixels:0., total_pixels:12599. }
   - { good_pixels:6915., total_pixels:12599. }
   - { good_pixels:6745., total_pixels:1.2699500000000000e+04 }
   - { good_pixels:6772., total_pixels:1.2699500000000000e+04 }
   - { good_pixels:7.0055000000000000e+03, total_pixels:12638. }
   - { good_pixels:7010., total_pixels:12638. }
   - { good_pixels:6770., total_pixels:12638. }
   - { good_pixels:6.9995000000000000e+03, total_pixels:12638. }
   - { good_pixels:6941., total_pixels:1.2576500000000000e+04 }
   - { good_pixels:7.0005000000000000e+03,
       total_pixels:1.2576500000000000e+04 }
   - { good_pixels:6.9195000000000000e+03,
       total_pixels:1.2576500000000000e+04 }
   - { good_pixels:6995., total_pixels:1.2576500000000000e+04 }
   - { good_pixels:6987., total_pixels:1.2576500000000000e+04 }
   - { good_pixels:6734., total_pixels:12515. }
   - { good_pixels:6917., total_pixels:12515. }
shape_pointsframe_skip1_dataprocessing_3results_FB_none_:
   - { good_pixels:0., total_pixels:12599. }
   - { good_pixels:6715., total_pixels:12599. }
   - { good_pixels:6.9175000000000000e+03,
       total_pixels:1.2699500000000000e+04 }
   - { good_pixels:6.9805000000000000e+03,
       total_pixels:1.2699500000000000e+04 }
   - { good_pixels:6.8005000000000000e+03, total_pixels:12638. }
   - { good_pixels:7010., total_pixels:12638. }
   - { good_pixels:6770., total_pixels:12638. }
   - { good_pixels:6.9995000000000000e+03, total_pixels:12638. }
   - { good_pixels:6736., total_pixels:1.2576500000000000e+04 }
   - { good_pixels:6767., total_pixels:1.2576500000000000e+04 }
   - { good_pixels:6.7235000000000000e+03,
       total_pixels:1.2576500000000000e+04 }
   - { good_pixels:6.7615000000000000e+03,
       total_pixels:1.2576500000000000e+04 }
   - { good_pixels:6745., total_pixels:1.2576500000000000e+04 }
   - { good_pixels:6734., total_pixels:12515. }
   - { good_pixels:6660., total_pixels:12515. }
collision_pointsframe_skip1_dataprocessing_0results_FB_none_:
   - { x:.Inf, y:.Inf }
   - { x:2.0747524414062500e+03, y:-3.5260546875000000e+02 }
   - { x:7.3140209960937500e+02, y:-3.4715655517578125e+02 }
   - { x:1.5723761718750000e+04, y:-4.1698730468750000e+02 }
   - { x:1.5063415527343750e+03, y:-3.4990948486328125e+02 }
   - { x:1.3856250000000000e+02, y:-3.4602386474609375e+02 }
   - { x:4.6045855712890625e+02, y:-3.6229605102539062e+02 }
   - { x:1.0113300781250000e+03, y:-3.5313485717773438e+02 }
   - { x:1.9121062011718750e+03, y:-3.5834365844726562e+02 }
   - { x:1.0408188476562500e+03, y:-3.5320904541015625e+02 }
   - { x:9.2704022216796875e+02, y:-3.5272576904296875e+02 }
   - { x:1.1533112792968750e+03, y:-3.5391705322265625e+02 }
   - { x:9.7471185302734375e+02, y:-3.5294055175781250e+02 }
   - { x:1.0692342529296875e+03, y:-3.5348422241210938e+02 }
   - { x:1.0828112792968750e+03, y:-3.5382312011718750e+02 }
