%YAML:1.0
---
shape_pointsframe_skip1_dataprocessing_0_generated:
   - { good_pixels:2.2925000000000000e+03,
       total_pixels:2.2925000000000000e+03 }
   - { good_pixels:2.2925000000000000e+03,
       total_pixels:2.2925000000000000e+03 }
   - { good_pixels:2268., total_pixels:2268. }
   - { good_pixels:2268., total_pixels:2268. }
   - { good_pixels:2.2435000000000000e+03,
       total_pixels:2.2435000000000000e+03 }
   - { good_pixels:2.2435000000000000e+03,
       total_pixels:2.2435000000000000e+03 }
   - { good_pixels:2.2435000000000000e+03,
       total_pixels:2.2435000000000000e+03 }
   - { good_pixels:2219., total_pixels:2219. }
   - { good_pixels:2219., total_pixels:2219. }
   - { good_pixels:2.1945000000000000e+03,
       total_pixels:2.1945000000000000e+03 }
   - { good_pixels:2170., total_pixels:2170. }
   - { good_pixels:2170., total_pixels:2170. }
   - { good_pixels:2121., total_pixels:2121. }
   - { good_pixels:2.0965000000000000e+03,
       total_pixels:2.0965000000000000e+03 }
   - { good_pixels:2072., total_pixels:2072. }
   - { good_pixels:2023., total_pixels:2023. }
   - { good_pixels:2023., total_pixels:2023. }
   - { good_pixels:2.0335000000000000e+03,
       total_pixels:2.0335000000000000e+03 }
   - { good_pixels:1.9695000000000000e+03,
       total_pixels:1.9695000000000000e+03 }
   - { good_pixels:1.9695000000000000e+03,
       total_pixels:1.9695000000000000e+03 }
   - { good_pixels:1.9455000000000000e+03,
       total_pixels:1.9455000000000000e+03 }
   - { good_pixels:1.9455000000000000e+03,
       total_pixels:1.9455000000000000e+03 }
   - { good_pixels:1.9695000000000000e+03,
       total_pixels:1.9695000000000000e+03 }
   - { good_pixels:1.9695000000000000e+03,
       total_pixels:1.9695000000000000e+03 }
   - { good_pixels:1.9935000000000000e+03,
       total_pixels:1.9935000000000000e+03 }
   - { good_pixels:1920., total_pixels:1.9205000000000000e+03 }
   - { good_pixels:1880., total_pixels:1.8805000000000000e+03 }
   - { good_pixels:1880., total_pixels:1.8805000000000000e+03 }
   - { good_pixels:1880., total_pixels:1.8805000000000000e+03 }
   - { good_pixels:1880., total_pixels:1.8805000000000000e+03 }
   - { good_pixels:1880., total_pixels:1.8805000000000000e+03 }
   - { good_pixels:1817., total_pixels:1.8175000000000000e+03 }
   - { good_pixels:1817., total_pixels:1.8175000000000000e+03 }
   - { good_pixels:1794., total_pixels:1.7945000000000000e+03 }
   - { good_pixels:1.7325000000000000e+03, total_pixels:1733. }
   - { good_pixels:1710., total_pixels:1.7105000000000000e+03 }
   - { good_pixels:1.6875000000000000e+03, total_pixels:1688. }
   - { good_pixels:1628., total_pixels:1.6285000000000000e+03 }
   - { good_pixels:1606., total_pixels:1.6065000000000000e+03 }
   - { good_pixels:1584., total_pixels:1.5845000000000000e+03 }
   - { good_pixels:1.5265000000000000e+03, total_pixels:1527. }
   - { good_pixels:1.4835000000000000e+03, total_pixels:1484. }
   - { good_pixels:1462., total_pixels:1.4625000000000000e+03 }
   - { good_pixels:1407., total_pixels:1.4075000000000000e+03 }
   - { good_pixels:1365., total_pixels:1.4355000000000000e+03 }
   - { good_pixels:1414., total_pixels:1414. }
   - { good_pixels:1341., total_pixels:1341. }
   - { good_pixels:1.3205000000000000e+03,
       total_pixels:1.3205000000000000e+03 }
   - { good_pixels:1.2795000000000000e+03,
       total_pixels:1.2795000000000000e+03 }
   - { good_pixels:1210., total_pixels:1210. }
   - { good_pixels:1190., total_pixels:1190. }
   - { good_pixels:1150., total_pixels:1150. }
   - { good_pixels:1084., total_pixels:1084. }
   - { good_pixels:1045., total_pixels:1045. }
   - { good_pixels:1001., total_pixels:1001. }
   - { good_pixels:963., total_pixels:963. }
   - { good_pixels:925., total_pixels:925. }
   - { good_pixels:8.6550000000000000e+02,
       total_pixels:8.6550000000000000e+02 }
   - { good_pixels:847., total_pixels:847. }
   - { good_pixels:810., total_pixels:810. }
   - { good_pixels:754., total_pixels:754. }
   - { good_pixels:718., total_pixels:718. }
   - { good_pixels:710., total_pixels:710. }
   - { good_pixels:675., total_pixels:675. }
   - { good_pixels:675., total_pixels:675. }
   - { good_pixels:675., total_pixels:675. }
   - { good_pixels:658., total_pixels:658. }
   - { good_pixels:675., total_pixels:675. }
   - { good_pixels:692., total_pixels:692. }
   - { good_pixels:709., total_pixels:709. }
   - { good_pixels:709., total_pixels:709. }
   - { good_pixels:6.9050000000000000e+02,
       total_pixels:6.9050000000000000e+02 }
   - { good_pixels:707., total_pixels:707. }
   - { good_pixels:707., total_pixels:707. }
   - { good_pixels:707., total_pixels:707. }
collision_pointsframe_skip1_dataprocessing_0_generated:
   - { x:0., y:0. }
   - { x:-1.0586359375000000e+04, y:2.3902435302734375e+02 }
   - { x:-9207., y:2.3276251220703125e+02 }
   - { x:-9.3765468750000000e+03, y:2.3354534912109375e+02 }
   - { x:7.6248510742187500e+02, y:1.8761616516113281e+02 }
   - { x:-7.3930664062500000e+03, y:2.2453332519531250e+02 }
   - { x:-6.6539101562500000e+03, y:2.1810226440429688e+02 }
   - { x:-2.7631035156250000e+03, y:1.9002125549316406e+02 }
   - { x:-1.4595146484375000e+03, y:1.8029302978515625e+02 }
   - { x:-8.8354492187500000e+02, y:1.7600811767578125e+02 }
   - { x:-5.6036083984375000e+02, y:1.7359336853027344e+02 }
   - { x:-3.5079101562500000e+02, y:1.7203344726562500e+02 }
   - { x:-9.4252246093750000e+02, y:1.7644030761718750e+02 }
   - { x:-8.4956289062500000e+03, y:2.3160360717773438e+02 }
   - { x:-4.6192148437500000e+03, y:2.0385136413574219e+02 }
   - { x:-2.7199355468750000e+03, y:1.8970008850097656e+02 }
   - { x:-2.0751621093750000e+03, y:1.8488208007812500e+02 }
   - { x:-1.5548046875000000e+03, y:1.8101275634765625e+02 }
   - { x:-1.0920517578125000e+03, y:1.7757278442382812e+02 }
   - { x:-8.4775585937500000e+02, y:1.7574537658691406e+02 }
   - { x:-6.7035644531250000e+02, y:1.7425793457031250e+02 }
   - { x:-4.0944531250000000e+02, y:1.7247866821289062e+02 }
   - { x:-2.1617138671875000e+02, y:1.7103652954101562e+02 }
   - { x:-1.2304492187500000e+02, y:1.7034172058105469e+02 }
   - { x:-4.4382812500000000e+01, y:1.6975672912597656e+02 }
   - { x:6.0011871337890625e+02, y:1.6345013427734375e+02 }
   - { x:6.1645886230468750e+02, y:1.6333779907226562e+02 }
   - { x:6.2677142333984375e+02, y:1.6325090026855469e+02 }
   - { x:6.3559045410156250e+02, y:1.6318472290039062e+02 }
   - { x:6.4888378906250000e+02, y:1.6308598327636719e+02 }
   - { x:6.5847534179687500e+02, y:1.6301458740234375e+02 }
   - { x:6.6663598632812500e+02, y:1.6295399475097656e+02 }
   - { x:6.7745397949218750e+02, y:1.6287254333496094e+02 }
   - { x:6.8520117187500000e+02, y:1.6283854675292969e+02 }
   - { x:6.9586779785156250e+02, y:1.6273435974121094e+02 }
   - { x:7.0324768066406250e+02, y:1.6268089294433594e+02 }
   - { x:7.1083215332031250e+02, y:1.6262351989746094e+02 }
   - { x:7.1812280273437500e+02, y:1.6256898498535156e+02 }
   - { x:7.2704498291015625e+02, y:1.6250267028808594e+02 }
   - { x:7.3473522949218750e+02, y:1.6244514465332031e+02 }
   - { x:7.4027459716796875e+02, y:1.6243913269042969e+02 }
   - { x:7.4798608398437500e+02, y:1.6234573364257812e+02 }
   - { x:7.5746069335937500e+02, y:1.6228620910644531e+02 }
   - { x:6.5782641601562500e+02, y:1.6302923583984375e+02 }
   - { x:6.5791827392578125e+02, y:1.6302928161621094e+02 }
   - { x:6.7003295898437500e+02, y:1.6293811035156250e+02 }
   - { x:7.5747814941406250e+02, y:1.6232745361328125e+02 }
   - { x:8.6336291503906250e+02, y:1.6149658203125000e+02 }
   - { x:8.6349938964843750e+02, y:1.6149617004394531e+02 }
   - { x:8.6324975585937500e+02, y:1.6149778747558594e+02 }
   - { x:8.6115637207031250e+02, y:1.6151452636718750e+02 }
   - { x:8.4920227050781250e+02, y:1.6160137939453125e+02 }
   - { x:8.4838879394531250e+02, y:1.6160864257812500e+02 }
   - { x:8.4552490234375000e+02, y:1.6168704223632812e+02 }
   - { x:8.4325805664062500e+02, y:1.6164645385742188e+02 }
