%YAML:1.0
---
shape_pointsframe_skip1_dataprocessing_0_generated:
   - { good_pixels:12721., total_pixels:12721. }
   - { good_pixels:12721., total_pixels:12721. }
   - { good_pixels:12660., total_pixels:12660. }
   - { good_pixels:12599., total_pixels:12599. }
   - { good_pixels:1.2699500000000000e+04,
       total_pixels:1.2699500000000000e+04 }
   - { good_pixels:12638., total_pixels:12638. }
   - { good_pixels:1.2576500000000000e+04,
       total_pixels:1.2576500000000000e+04 }
   - { good_pixels:12515., total_pixels:12515. }
   - { good_pixels:1.2453500000000000e+04,
       total_pixels:1.2453500000000000e+04 }
   - { good_pixels:12392., total_pixels:12392. }
   - { good_pixels:12233., total_pixels:12233. }
   - { good_pixels:12111., total_pixels:12111. }
   - { good_pixels:12015., total_pixels:12015. }
   - { good_pixels:11893., total_pixels:11893. }
   - { good_pixels:11710., total_pixels:11710. }
   - { good_pixels:11527., total_pixels:11527. }
   - { good_pixels:11283., total_pixels:11283. }
   - { good_pixels:11283., total_pixels:11283. }
   - { good_pixels:11222., total_pixels:11222. }
   - { good_pixels:1.1072500000000000e+04,
       total_pixels:1.1072500000000000e+04 }
   - { good_pixels:11012., total_pixels:11012. }
   - { good_pixels:10891., total_pixels:10891. }
   - { good_pixels:10891., total_pixels:10891. }
   - { good_pixels:10924., total_pixels:10924. }
   - { good_pixels:10984., total_pixels:10984. }
collision_pointsframe_skip1_dataprocessing_0_generated:
   - { x:-4.2046125000000000e+04, y:5.7414160156250000e+02 }
   - { x:-2.3944625000000000e+04, y:4.8129870605468750e+02 }
   - { x:-2.1135781250000000e+04, y:4.6707507324218750e+02 }
   - { x:-2.2062656250000000e+04, y:4.7229174804687500e+02 }
   - { x:4.9004098510742188e+02, y:3.5742736816406250e+02 }
   - { x:-4.6716250000000000e+03, y:3.8374041748046875e+02 }
   - { x:-4.2594453125000000e+03, y:3.7953170776367188e+02 }
   - { x:-1.8203710937500000e+03, y:3.5974908447265625e+02 }
   - { x:-1.0084316406250000e+03, y:3.5289324951171875e+02 }
   - { x:-6.2075781250000000e+02, y:3.4961877441406250e+02 }
   - { x:-4.2240429687500000e+02, y:3.4792675781250000e+02 }
   - { x:-2.9303613281250000e+02, y:3.4681271362304688e+02 }
   - { x:-6.4401367187500000e+02, y:3.4971990966796875e+02 }
   - { x:-5.1700937500000000e+03, y:3.8687182617187500e+02 }
   - { x:-2.8577656250000000e+03, y:3.6824011230468750e+02 }
   - { x:-1.7233359375000000e+03, y:3.5867346191406250e+02 }
   - { x:-1.3326015625000000e+03, y:3.5538763427734375e+02 }
   - { x:-1.0214375000000000e+03, y:3.5273223876953125e+02 }
   - { x:-7.7341015625000000e+02, y:3.5063287353515625e+02 }
   - { x:-6.1981445312500000e+02, y:3.4930718994140625e+02 }
   - { x:-5.0710546875000000e+02, y:3.4819744873046875e+02 }
   - { x:-3.4159375000000000e+02, y:3.4691921997070312e+02 }
   - { x:-2.0511816406250000e+02, y:3.4573596191406250e+02 }
   - { x:-1.4659863281250000e+02, y:3.4522262573242188e+02 }
shape_pointsframe_skip1_dataprocessing_0results_FB_none_:
   - { good_pixels:0., total_pixels:12721. }
   - { good_pixels:686., total_pixels:12721. }
   - { good_pixels:7.1355000000000000e+03, total_pixels:12660. }
   - { good_pixels:7.0535000000000000e+03, total_pixels:12599. }
   - { good_pixels:7.2025000000000000e+03,
       total_pixels:1.2699500000000000e+04 }
   - { good_pixels:6.7415000000000000e+03, total_pixels:12638. }
   - { good_pixels:7.0015000000000000e+03,
       total_pixels:1.2576500000000000e+04 }
   - { good_pixels:6951., total_pixels:12515. }
   - { good_pixels:6658., total_pixels:1.2453500000000000e+04 }
   - { good_pixels:6618., total_pixels:12392. }
   - { good_pixels:6696., total_pixels:12233. }
   - { good_pixels:6.1195000000000000e+03, total_pixels:12111. }
   - { good_pixels:5818., total_pixels:12015. }
   - { good_pixels:5.3255000000000000e+03, total_pixels:11893. }
   - { good_pixels:4847., total_pixels:11710. }
   - { good_pixels:3.8815000000000000e+03, total_pixels:11527. }
   - { good_pixels:4103., total_pixels:11283. }
   - { good_pixels:3.8465000000000000e+03, total_pixels:11283. }
   - { good_pixels:3.8575000000000000e+03, total_pixels:11222. }
   - { good_pixels:3488., total_pixels:1.1072500000000000e+04 }
   - { good_pixels:3617., total_pixels:11012. }
   - { good_pixels:3363., total_pixels:10891. }
   - { good_pixels:3.5915000000000000e+03, total_pixels:10891. }
   - { good_pixels:2922., total_pixels:10924. }
   - { good_pixels:3.1295000000000000e+03, total_pixels:10984. }
shape_pointsframe_skip1_dataprocessing_1results_FB_none_:
   - { good_pixels:0., total_pixels:12721. }
   - { good_pixels:706., total_pixels:12721. }
   - { good_pixels:3.5250000000000000e+02, total_pixels:12660. }
   - { good_pixels:3.2450000000000000e+02, total_pixels:12599. }
   - { good_pixels:4.2950000000000000e+02,
       total_pixels:1.2699500000000000e+04 }
   - { good_pixels:659., total_pixels:12638. }
   - { good_pixels:2.5950000000000000e+02,
       total_pixels:1.2576500000000000e+04 }
   - { good_pixels:2.1650000000000000e+02, total_pixels:12515. }
   - { good_pixels:4., total_pixels:1.2453500000000000e+04 }
   - { good_pixels:2.7050000000000000e+02, total_pixels:12392. }
   - { good_pixels:2., total_pixels:12233. }
   - { good_pixels:198., total_pixels:12111. }
   - { good_pixels:8.5950000000000000e+02, total_pixels:12015. }
   - { good_pixels:8.5950000000000000e+02, total_pixels:11893. }
   - { good_pixels:2.4450000000000000e+02, total_pixels:11710. }
   - { good_pixels:1.3405000000000000e+03, total_pixels:11527. }
   - { good_pixels:262., total_pixels:11283. }
   - { good_pixels:410., total_pixels:11283. }
   - { good_pixels:4.0150000000000000e+02, total_pixels:11222. }
   - { good_pixels:5.3850000000000000e+02,
       total_pixels:1.1072500000000000e+04 }
   - { good_pixels:4.2750000000000000e+02, total_pixels:11012. }
   - { good_pixels:485., total_pixels:10891. }
   - { good_pixels:336., total_pixels:10891. }
   - { good_pixels:4.1050000000000000e+02, total_pixels:10924. }
   - { good_pixels:3.4950000000000000e+02, total_pixels:10984. }
shape_pointsframe_skip1_dataprocessing_2results_FB_none_:
   - { good_pixels:0., total_pixels:12721. }
   - { good_pixels:761., total_pixels:12721. }
   - { good_pixels:9478., total_pixels:12660. }
   - { good_pixels:9394., total_pixels:12599. }
   - { good_pixels:9455., total_pixels:1.2699500000000000e+04 }
   - { good_pixels:9421., total_pixels:12638. }
   - { good_pixels:9.4705000000000000e+03,
       total_pixels:1.2576500000000000e+04 }
   - { good_pixels:9430., total_pixels:12515. }
   - { good_pixels:9770., total_pixels:1.2453500000000000e+04 }
   - { good_pixels:9.8055000000000000e+03, total_pixels:12392. }
   - { good_pixels:9.6175000000000000e+03, total_pixels:12233. }
   - { good_pixels:9.4925000000000000e+03, total_pixels:12111. }
   - { good_pixels:9312., total_pixels:12015. }
   - { good_pixels:9042., total_pixels:11893. }
   - { good_pixels:8916., total_pixels:11710. }
   - { good_pixels:4.1750000000000000e+02, total_pixels:11527. }
   - { good_pixels:8558., total_pixels:11283. }
   - { good_pixels:8.3055000000000000e+03, total_pixels:11283. }
   - { good_pixels:8.3985000000000000e+03, total_pixels:11222. }
   - { good_pixels:8241., total_pixels:1.1072500000000000e+04 }
   - { good_pixels:8093., total_pixels:11012. }
   - { good_pixels:7859., total_pixels:10891. }
   - { good_pixels:7710., total_pixels:10891. }
   - { good_pixels:7576., total_pixels:10924. }
   - { good_pixels:4.2650000000000000e+02, total_pixels:10984. }
