%YAML:1.0
---
shape_pointsframe_skip1_dataprocessing_0_generated:
   - { good_pixels:240., total_pixels:240. }
   - { good_pixels:240., total_pixels:240. }
   - { good_pixels:240., total_pixels:240. }
   - { good_pixels:240., total_pixels:240. }
   - { good_pixels:240., total_pixels:240. }
collision_pointsframe_skip1_dataprocessing_0_generated:
   - { x:3.1188986206054688e+02, y:2.5038780212402344e+02 }
   - { x:3.0797622680664062e+02, y:2.4810221862792969e+02 }
   - { x:3.0270394897460938e+02, y:2.4484272766113281e+02 }
   - { x:2.9497155761718750e+02, y:2.3981660461425781e+02 }
shape_pointsframe_skip1_dataprocessing_0results_FB_none_:
   - { good_pixels:0., total_pixels:1. }
   - { good_pixels:2.7050000000000000e+02, total_pixels:240. }
   - { good_pixels:2.6050000000000000e+02, total_pixels:240. }
   - { good_pixels:281., total_pixels:240. }
   - { good_pixels:2.6450000000000000e+02, total_pixels:240. }
shape_pointsframe_skip1_dataprocessing_1results_FB_none_:
   - { good_pixels:0., total_pixels:1. }
   - { good_pixels:30., total_pixels:240. }
   - { good_pixels:2., total_pixels:240. }
   - { good_pixels:0., total_pixels:240. }
   - { good_pixels:1., total_pixels:240. }
shape_pointsframe_skip1_dataprocessing_2results_FB_none_:
   - { good_pixels:0., total_pixels:1. }
   - { good_pixels:2.0050000000000000e+02, total_pixels:240. }
   - { good_pixels:167., total_pixels:240. }
   - { good_pixels:1.8450000000000000e+02, total_pixels:240. }
   - { good_pixels:178., total_pixels:240. }
shape_pointsframe_skip1_dataprocessing_3results_FB_none_:
   - { good_pixels:0., total_pixels:2. }
   - { good_pixels:2.7850000000000000e+02, total_pixels:240. }
   - { good_pixels:264., total_pixels:240. }
   - { good_pixels:292., total_pixels:240. }
   - { good_pixels:271., total_pixels:240. }
collision_pointsframe_skip1_dataprocessing_0results_FB_none_:
   - { x:3.0847067260742188e+02, y:2.3950218200683594e+02 }
   - { x:3.0951306152343750e+02, y:2.4046539306640625e+02 }
   - { x:3.0662194824218750e+02, y:2.5520069885253906e+02 }
   - { x:3.0556826782226562e+02, y:2.4547967529296875e+02 }
collision_pointsframe_skip1_dataprocessing_1results_FB_none_:
   - { x:3.7027276611328125e+02, y:3.2556890869140625e+02 }
   - { x:3.7558044433593750e+02, y:3.2918041992187500e+02 }
   - { x:3.8024047851562500e+02, y:3.3273022460937500e+02 }
   - { x:3.8378814697265625e+02, y:3.3575042724609375e+02 }
collision_pointsframe_skip1_dataprocessing_2results_FB_none_:
   - { x:1.5654528808593750e+02, y:1.5569055175781250e+02 }
   - { x:1.5602154541015625e+02, y:1.5738420104980469e+02 }
   - { x:1.4939730834960938e+02, y:1.0332836914062500e+02 }
   - { x:1.5377151489257812e+02, y:1.5964883422851562e+02 }
collision_pointsframe_skip1_dataprocessing_3results_FB_none_:
   - { x:3.0370315551757812e+02, y:2.3540719604492188e+02 }
   - { x:3.0557620239257812e+02, y:2.3680328369140625e+02 }
   - { x:2.9147500610351562e+02, y:2.3659954833984375e+02 }
   - { x:3.0183343505859375e+02, y:2.4041824340820312e+02 }
shape_pointsframe_skip1_dataprocessing_0results_FB_snow_low_:
   - { good_pixels:0., total_pixels:1. }
   - { good_pixels:2.7050000000000000e+02, total_pixels:240. }
   - { good_pixels:2.6050000000000000e+02, total_pixels:240. }
   - { good_pixels:281., total_pixels:240. }
   - { good_pixels:2.6450000000000000e+02, total_pixels:240. }
shape_pointsframe_skip1_dataprocessing_1results_FB_snow_low_:
   - { good_pixels:0., total_pixels:1. }
   - { good_pixels:30., total_pixels:240. }
   - { good_pixels:2., total_pixels:240. }
   - { good_pixels:0., total_pixels:240. }
   - { good_pixels:1., total_pixels:240. }
shape_pointsframe_skip1_dataprocessing_2results_FB_snow_low_:
   - { good_pixels:0., total_pixels:1. }
   - { good_pixels:2.0050000000000000e+02, total_pixels:240. }
   - { good_pixels:167., total_pixels:240. }
   - { good_pixels:1.8450000000000000e+02, total_pixels:240. }
   - { good_pixels:178., total_pixels:240. }
shape_pointsframe_skip1_dataprocessing_3results_FB_snow_low_:
   - { good_pixels:0., total_pixels:2. }
   - { good_pixels:2.7850000000000000e+02, total_pixels:240. }
   - { good_pixels:264., total_pixels:240. }
   - { good_pixels:292., total_pixels:240. }
   - { good_pixels:271., total_pixels:240. }
collision_pointsframe_skip1_dataprocessing_0results_FB_snow_low_:
   - { x:3.0847067260742188e+02, y:2.3950218200683594e+02 }
   - { x:3.0951306152343750e+02, y:2.4046539306640625e+02 }
   - { x:3.0662194824218750e+02, y:2.5520069885253906e+02 }
   - { x:3.0556826782226562e+02, y:2.4547967529296875e+02 }
collision_pointsframe_skip1_dataprocessing_1results_FB_snow_low_:
   - { x:3.7027276611328125e+02, y:3.2556890869140625e+02 }
   - { x:3.7558044433593750e+02, y:3.2918041992187500e+02 }
   - { x:3.8024047851562500e+02, y:3.3273022460937500e+02 }
   - { x:3.8378814697265625e+02, y:3.3575042724609375e+02 }
collision_pointsframe_skip1_dataprocessing_2results_FB_snow_low_:
   - { x:1.5654528808593750e+02, y:1.5569055175781250e+02 }
   - { x:1.5602154541015625e+02, y:1.5738420104980469e+02 }
   - { x:1.4939730834960938e+02, y:1.0332836914062500e+02 }
   - { x:1.5377151489257812e+02, y:1.5964883422851562e+02 }
collision_pointsframe_skip1_dataprocessing_3results_FB_snow_low_:
   - { x:3.0370315551757812e+02, y:2.3540719604492188e+02 }
   - { x:3.0557620239257812e+02, y:2.3680328369140625e+02 }
   - { x:2.9147500610351562e+02, y:2.3659954833984375e+02 }
   - { x:3.0183343505859375e+02, y:2.4041824340820312e+02 }
shape_pointsframe_skip1_dataprocessing_0results_FB_snow_moderate_:
   - { good_pixels:0., total_pixels:1. }
   - { good_pixels:2.7050000000000000e+02, total_pixels:240. }
   - { good_pixels:2.6050000000000000e+02, total_pixels:240. }
   - { good_pixels:281., total_pixels:240. }
   - { good_pixels:2.6450000000000000e+02, total_pixels:240. }
shape_pointsframe_skip1_dataprocessing_1results_FB_snow_moderate_:
   - { good_pixels:0., total_pixels:1. }
   - { good_pixels:30., total_pixels:240. }
   - { good_pixels:2., total_pixels:240. }
   - { good_pixels:0., total_pixels:240. }
   - { good_pixels:1., total_pixels:240. }
shape_pointsframe_skip1_dataprocessing_2results_FB_snow_moderate_:
   - { good_pixels:0., total_pixels:1. }
   - { good_pixels:2.0050000000000000e+02, total_pixels:240. }
   - { good_pixels:167., total_pixels:240. }
   - { good_pixels:1.8450000000000000e+02, total_pixels:240. }
   - { good_pixels:178., total_pixels:240. }
shape_pointsframe_skip1_dataprocessing_3results_FB_snow_moderate_:
   - { good_pixels:0., total_pixels:2. }
   - { good_pixels:2.7850000000000000e+02, total_pixels:240. }
   - { good_pixels:264., total_pixels:240. }
   - { good_pixels:292., total_pixels:240. }
   - { good_pixels:271., total_pixels:240. }
collision_pointsframe_skip1_dataprocessing_0results_FB_snow_moderate_:
   - { x:3.0847067260742188e+02, y:2.3950218200683594e+02 }
   - { x:3.0951306152343750e+02, y:2.4046539306640625e+02 }
   - { x:3.0662194824218750e+02, y:2.5520069885253906e+02 }
   - { x:3.0556826782226562e+02, y:2.4547967529296875e+02 }
collision_pointsframe_skip1_dataprocessing_1results_FB_snow_moderate_:
   - { x:3.7027276611328125e+02, y:3.2556890869140625e+02 }
   - { x:3.7558044433593750e+02, y:3.2918041992187500e+02 }
   - { x:3.8024047851562500e+02, y:3.3273022460937500e+02 }
   - { x:3.8378814697265625e+02, y:3.3575042724609375e+02 }
collision_pointsframe_skip1_dataprocessing_2results_FB_snow_moderate_:
   - { x:1.5654528808593750e+02, y:1.5569055175781250e+02 }
   - { x:1.5602154541015625e+02, y:1.5738420104980469e+02 }
   - { x:1.4939730834960938e+02, y:1.0332836914062500e+02 }
   - { x:1.5377151489257812e+02, y:1.5964883422851562e+02 }
collision_pointsframe_skip1_dataprocessing_3results_FB_snow_moderate_:
   - { x:3.0370315551757812e+02, y:2.3540719604492188e+02 }
   - { x:3.0557620239257812e+02, y:2.3680328369140625e+02 }
   - { x:2.9147500610351562e+02, y:2.3659954833984375e+02 }
   - { x:3.0183343505859375e+02, y:2.4041824340820312e+02 }
