<?xml version="1.0"?>
<opencv_storage>
<calibration_Time>"Mi 18 Apr 2018 00:57:40 CEST"</calibration_Time>
<nrOfFrames>25</nrOfFrames>
<image_Width>640</image_Width>
<image_Height>480</image_Height>
<board_Width>9</board_Width>
<board_Height>6</board_Height>
<square_Size>25.</square_Size>
<FixAspectRatio>1.</FixAspectRatio>
<!-- flags:  +fix_aspectRatio +fix_principal_point +zero_tangent_dist -->
<flagValue>14</flagValue>
<Camera_Matrix type_id="opencv-matrix">
  <rows>3</rows>
  <cols>3</cols>
  <dt>d</dt>
  <data>
    6.5950557593454766e+02 0. 320. 0. 6.5950557593454766e+02 240. 0. 0.
    1.</data></Camera_Matrix>
<Distortion_Coefficients type_id="opencv-matrix">
  <rows>5</rows>
  <cols>1</cols>
  <dt>d</dt>
  <data>
    1.5662012643168487e-02 -6.6057507645996705e-01 0. 0.
    -1.5212571749659614e+00</data></Distortion_Coefficients>
<Avg_Reprojection_Error>3.1854136458453336e-01</Avg_Reprojection_Error>
<Per_View_Reprojection_Errors type_id="opencv-matrix">
  <rows>25</rows>
  <cols>1</cols>
  <dt>f</dt>
  <data>
    6.54147863e-01 3.44116092e-01 2.99233556e-01 3.11164469e-01
    3.10389668e-01 2.93998480e-01 3.06243300e-01 2.99980998e-01
    2.88848907e-01 2.90458739e-01 3.18284839e-01 3.01291227e-01
    2.73788959e-01 2.52659291e-01 2.72686630e-01 2.51125336e-01
    2.53094882e-01 2.64073759e-01 2.60190845e-01 2.53862172e-01
    2.62985677e-01 3.04990202e-01 3.21083009e-01 3.36841285e-01
    3.95854086e-01</data></Per_View_Reprojection_Errors>
<!-- a set of 6-tuples (rotation vector + translation vector) for each view -->
<Extrinsic_Parameters type_id="opencv-matrix">
  <rows>25</rows>
  <cols>6</cols>
  <dt>d</dt>
  <data>
    -2.6323419055754049e-01 5.9715466363672526e-03
    1.7889494796865354e-02 -9.8031326510018133e+01
    -7.0771488664984417e+01 4.4630082419522483e+02
    -6.8442825132559504e-02 -1.3868939023281875e-02
    -2.5360559713019922e-02 -8.1317314568716725e+01
    -6.0030366050083963e+01 5.6708219056410223e+02
    -1.8479830409344356e-01 -7.2274376668049048e-02
    -7.7949294360315849e-03 -7.4635086229182463e+01
    -4.6666188218628839e+01 5.6749843738759694e+02
    -1.8431104793533792e-01 -5.8901552187425703e-02
    -2.4661476702615205e-03 -7.3340069536425133e+01
    -4.8063073621498262e+01 5.7057967315558597e+02
    -1.7681010832322749e-01 -5.7891483079584395e-02
    -1.8644552799288927e-04 -7.4057701522494952e+01
    -5.0018643301082733e+01 5.6864198039269138e+02
    -1.7331027052669576e-01 -5.4104017806138244e-02
    -4.9126271859403195e-04 -7.2972780586564014e+01
    -5.0074766763789356e+01 5.6668755585954443e+02
    -1.6832547683094867e-01 -4.6786707007613358e-02
    3.1334437536825219e-03 -7.2732455215043899e+01
    -5.1203395882335762e+01 5.6710302607545475e+02
    -1.7014673316782417e-01 -4.6062175022225073e-02
    2.9537884567382936e-03 -7.1918650389594077e+01
    -5.2099507895651115e+01 5.6823890450762099e+02
    -1.6195905312686712e-01 -4.2946174793489507e-02
    5.2638157606413050e-03 -7.0808747867333892e+01
    -5.2242899496787217e+01 5.6635549697705085e+02
    -1.1925973145590216e-01 -5.0130582211242357e-02
    2.6268225609062433e-03 -6.9606768559904864e+01
    -5.5795458398835073e+01 5.6002228609221743e+02
    -7.7194452745694087e-02 -5.8353666824787140e-02
    -4.1026112792620709e-03 -6.9331316990415232e+01
    -5.9800961755624080e+01 5.5171842154609851e+02
    -4.0036128139522502e-02 -6.5254010729067016e-02
    -1.5279378090771709e-02 -6.8000654154953523e+01
    -6.0805942383035443e+01 5.4344507327108886e+02
    -1.4142222905773371e-03 -6.6081187888141282e-02
    -6.1456364102875159e-02 -6.4739597377414796e+01
    -6.0223870930942141e+01 5.3455960873261029e+02
    1.3411165763293520e-02 -8.9251596777714548e-02
    -1.1569112617520518e-01 -6.6127789754325036e+01
    -5.5329731984370341e+01 5.2629945967679259e+02
    1.3681746157082631e-02 -1.1499292094787851e-01
    -1.6143379377219247e-01 -6.7388594707578875e+01
    -5.0162491191791794e+01 5.2194313156829969e+02
    4.4503979633914913e-02 -1.2710423277765279e-01
    -1.9113769159656083e-01 -6.7779035941039879e+01
    -4.6780722340926317e+01 5.1358928130528511e+02
    4.8347190188292789e-02 -1.4164169750462202e-01
    -2.1824458294336588e-01 -6.9696174873873559e+01
    -4.2634189230903971e+01 5.0872534959135783e+02
    6.4321970811476115e-02 -1.5574622606046643e-01
    -2.2341973671494614e-01 -6.9739099083009677e+01
    -4.0279355462749670e+01 5.0083382090702503e+02
    7.6108583409014968e-02 -1.5111802130943308e-01
    -2.1327058146408584e-01 -7.0641800311093149e+01
    -3.9117611142445732e+01 4.9420090389198282e+02
    1.0026600991703369e-01 -1.3587143566228072e-01
    -1.8682628796867615e-01 -7.2418543889105464e+01
    -3.6531966834625607e+01 4.7920240489923339e+02
    1.0406134998203642e-01 -1.0188766137037199e-01
    -1.5489697401179500e-01 -7.3368392563588145e+01
    -3.4978952156282475e+01 4.6884561958753636e+02
    9.8782566132178451e-02 -6.7226788139306631e-02
    -1.0683674529392526e-01 -7.3233540994125477e+01
    -3.7262030594898860e+01 4.6020794395163603e+02
    7.7809513025773144e-02 -6.3161057830442055e-02
    -7.9757847219468408e-02 -7.5759649030878279e+01
    -3.8565193991842591e+01 4.5390813811841957e+02
    1.1375803635159958e-02 -2.5445872605781631e-02
    -3.5808730009939310e-02 -7.6330570411155236e+01
    -4.2483083990866895e+01 4.6047872271669422e+02
    -9.3280754101629643e-02 3.2345386928864843e-02
    3.0035746753010118e-02 -7.0392402548338950e+01
    -4.7656984805805095e+01 4.7313819967611141e+02</data></Extrinsic_Parameters>
